1	1.11546
11	1.34224
21	1.60173
31	1.74444
41	1.86204
51	1.91844
61	1.95608
71	1.97729
81	1.98695
91	1.99284
101	2.00537
111	2.0149
121	2.01964
131	2.09359
141	2.22633
151	2.34817
161	2.47423
171	2.57757
181	2.66425
191	2.77087
201	2.82216
211	2.85997
221	2.90169
231	2.92463
241	2.93814
251	2.94929
261	2.96281
271	2.97099
281	2.98355
291	3.03255
301	3.09558
311	3.21702
321	3.31334
331	3.3968
341	3.52491
351	3.62956
361	3.68747
371	3.76286
381	3.80378
391	3.83444
401	3.88045
411	3.90627
421	3.93031
431	3.96165
441	3.98193
451	3.99554
461	4.02719
471	4.07923
481	4.14494
491	4.237
501	4.31472
511	4.38641
521	4.4832
531	4.56607
541	4.63047
551	4.68554
561	4.71933
571	4.74894
581	4.79684
591	4.83708
601	4.86517
611	4.89969
621	4.91989
631	4.94403
641	4.95933
651	4.97003
661	4.99073
671	5.02889
681	5.06361
691	5.11946
701	5.17901
711	5.2423
721	5.34984
731	5.41892
741	5.4938
751	5.58222
761	5.63318
771	5.6842
781	5.73635
791	5.7781
801	5.80826
811	5.85107
821	5.89997
831	5.93553
841	5.97238
851	5.99667
861	6.02039
871	6.0458
881	6.08691
891	6.1131
901	6.16156
911	6.20851
921	6.25611
931	6.33095
941	6.39078
951	6.46324
961	6.5414
971	6.60452
981	6.64827
991	6.71061
1001	6.75914
1011	6.79995
1021	6.8512
1031	6.88255
1041	6.9104
1051	6.94292
1061	6.97264
1071	6.99747
1081	7.03459
1091	7.07856
1101	7.11368
1111	7.15915
1121	7.20617
1131	7.24511
1141	7.30372
1151	7.34839
1161	7.38127
1171	7.44906
1181	7.52249
1191	7.5752
1201	7.64918
1211	7.68606
1221	7.73768
1231	7.78135
1241	7.81046
1251	7.83416
1261	7.85066
1271	7.86544
1281	7.87591
1291	7.88419
1301	7.89505
1311	7.92106
1321	7.9498
1331	7.97831
1341	8.03542
1351	8.0905
1361	8.13423
1371	8.20135
1381	8.29558
1391	8.37314
1401	8.45637
1411	8.5117
1421	8.56915
1431	8.64058
1441	8.68859
1451	8.71629
1461	8.75221
1471	8.77333
1481	8.79583
1491	8.82021
1501	8.8412
1511	8.85819
1521	8.87927
1531	8.9115
1541	8.93624
1551	8.96762
1561	9.02348
1571	9.05654
1581	9.11378
1591	9.18135
1601	9.23079
1611	9.31372
1621	9.39009
1631	9.44924
1641	9.51351
1651	9.58331
1661	9.63318
1671	9.69549
1681	9.72956
1691	9.76059
1701	9.78997
1711	9.81181
1721	9.82675
1731	9.84395
1741	9.87009
1751	9.90576
1761	9.93902
1771	9.98527
1781	10.0182
1791	10.0519
1801	10.0931
1811	10.1191
1821	10.1429
1831	10.167
1841	10.1894
1851	10.2119
1861	10.2245
1871	10.2453
1881	10.2701
1891	10.2944
1901	10.3308
1911	10.3696
1921	10.4095
1931	10.4444
1941	10.4916
1951	10.5344
1961	10.5821
1971	10.6346
1981	10.6938
1991	10.7368
2001	10.7965
2011	10.867
2021	10.9465
2031	11.0185
2041	11.0798
2051	11.1277
2061	11.1786
2071	11.2102
2081	11.2467
2091	11.2712
2101	11.2862
2111	11.3067
2121	11.3322
2131	11.3605
2141	11.3865
2151	11.4336
2161	11.4718
2171	11.508
2181	11.5777
2191	11.6297
2201	11.6876
2211	11.7519
2221	11.7974
2231	11.842
2241	11.8835
2251	11.9178
2261	11.9604
2271	11.9997
2281	12.0265
2291	12.0524
2301	12.082
2311	12.1193
2321	12.1503
2331	12.1926
2341	12.2344
2351	12.2882
2361	12.3393
2371	12.4009
2381	12.4531
2391	12.5053
2401	12.5574
2411	12.6059
2421	12.6343
2431	12.6688
2441	12.6955
2451	12.713
2461	12.727
2471	12.7441
2481	12.7581
2491	12.7874
2501	12.8191
2511	12.8389
2521	12.8528
2531	12.883
2541	12.9122
2551	12.9408
2561	12.9933
2571	13.0604
2581	13.1223
2591	13.1934
2601	13.2605
2611	13.347
2621	13.4275
2631	13.4804
2641	13.5337
2651	13.5712
2661	13.623
2671	13.6595
2681	13.7024
2691	13.7276
2701	13.7464
2711	13.767
2721	13.7841
2731	13.7992
2741	13.8099
2751	13.8375
2761	13.8857
2771	13.9297
2781	13.9894
2791	14.07
2801	14.1547
2811	14.2286
2821	14.2909
2831	14.356
2841	14.4073
2851	14.4573
2861	14.4986
2871	14.5266
2881	14.5461
2891	14.5639
2901	14.5741
2911	14.6091
2921	14.6458
2931	14.6726
2941	14.6971
2951	14.7173
2961	14.7458
2971	14.7865
2981	14.8279
2991	14.8951
3001	14.9773
3011	15.0543
3021	15.0935
3031	15.1534
3041	15.195
3051	15.2413
3061	15.2821
3071	15.3132
3081	15.3373
3091	15.3577
3101	15.3677
3111	15.3787
3121	15.3915
3131	15.3999
3141	15.417
3151	15.4637
3161	15.5149
3171	15.5592
3181	15.6098
3191	15.6695
3201	15.7269
3211	15.7941
3221	15.8499
3231	15.9267
3241	15.9877
3251	16.0429
3261	16.0996
3271	16.1526
3281	16.2009
3291	16.2486
3301	16.2802
3311	16.3051
3321	16.3204
3331	16.3395
3341	16.3638
3351	16.3939
3361	16.4123
3371	16.4274
3381	16.4423
3391	16.4584
3401	16.4842
3411	16.5095
3421	16.5499
3431	16.5892
3441	16.6479
3451	16.7141
3461	16.7669
3471	16.83
3481	16.8947
3491	16.9497
3501	16.9966
3511	17.0643
3521	17.111
3531	17.1576
3541	17.2034
3551	17.2478
3561	17.2794
3571	17.3085
3581	17.3385
3591	17.367
3601	17.3851
3611	17.4166
3621	17.4432
3631	17.4629
3641	17.4819
3651	17.4962
3661	17.5079
3671	17.5237
3681	17.5383
3691	17.5622
3701	17.5968
3711	17.6357
3721	17.6666
3731	17.7153
3741	17.7996
3751	17.8545
3761	17.9048
3771	17.9557
3781	17.9988
3791	18.0542
3801	18.1022
3811	18.1496
3821	18.2048
3831	18.2559
3841	18.3065
3851	18.3487
3861	18.3943
3871	18.4275
3881	18.4532
3891	18.4875
3901	18.5196
3911	18.5501
3921	18.5833
3931	18.6152
3941	18.643
3951	18.6933
3961	18.7308
3971	18.7685
3981	18.8214
3991	18.8624
4001	18.8993
4011	18.9423
4021	18.9906
4031	19.0431
4041	19.1134
4051	19.1638
4061	19.2186
4071	19.2884
4081	19.3408
4091	19.3918
4101	19.4349
4111	19.4669
4121	19.4945
4131	19.5182
4141	19.5408
4151	19.5633
4161	19.5874
4171	19.6151
4181	19.6432
4191	19.6808
4201	19.705
4211	19.7536
4221	19.7947
4231	19.8297
4241	19.8612
4251	19.8862
4261	19.913
4271	19.9329
4281	19.9745
4291	20.0035
4301	20.0336
4311	20.0616
4321	20.0908
4331	20.127
4341	20.1617
4351	20.1976
4361	20.2385
4371	20.2687
4381	20.3084
4391	20.3503
4401	20.3942
4411	20.4275
4421	20.4789
4431	20.5364
4441	20.6101
4451	20.6704
4461	20.7282
4471	20.7739
4481	20.8071
4491	20.8482
4501	20.8916
4511	20.9162
4521	20.9534
4531	20.9878
4541	21.0344
4551	21.0707
4561	21.1014
4571	21.1366
4581	21.1612
4591	21.1776
4601	21.2064
4611	21.2391
4621	21.2817
4631	21.3336
4641	21.396
4651	21.4596
4661	21.5225
4671	21.5704
4681	21.6255
4691	21.6618
4701	21.6881
4711	21.7279
4721	21.767
4731	21.8183
4741	21.8709
4751	21.8968
4761	21.945
4771	22.002
4781	22.0417
4791	22.0902
4801	22.134
4811	22.17
4821	22.1922
4831	22.1972
4841	22.2088
4851	22.2226
4861	22.2396
4871	22.2639
4881	22.2789
4891	22.3139
4901	22.3377
4911	22.3742
4921	22.4115
4931	22.4591
4941	22.5033
4951	22.5571
4961	22.6007
4971	22.6588
4981	22.7095
4991	22.7746
5001	22.8249
5011	22.8947
5021	22.9464
5031	22.9885
5041	23.0331
5051	23.0781
5061	23.1095
5071	23.1371
5081	23.1626
5091	23.1831
5101	23.2051
5111	23.2285
5121	23.2509
5131	23.2788
5141	23.2997
5151	23.3218
5161	23.365
5171	23.3938
5181	23.4352
5191	23.4738
5201	23.526
5211	23.5644
5221	23.6024
5231	23.649
5241	23.6905
5251	23.7317
5261	23.7858
5271	23.8292
5281	23.8774
5291	23.9215
5301	23.9582
5311	23.9916
5321	24.0224
5331	24.0492
5341	24.0694
5351	24.0977
5361	24.1349
5371	24.2009
5381	24.2606
5391	24.3154
5401	24.3544
5411	24.3857
5421	24.4151
5431	24.4496
5441	24.4894
5451	24.5267
5461	24.5684
5471	24.6099
5481	24.6428
5491	24.6633
5501	24.6825
5511	24.7228
5521	24.7581
5531	24.7843
5541	24.8083
5551	24.8594
5561	24.9066
5571	24.953
5581	24.9958
5591	25.0557
5601	25.1194
5611	25.1818
5621	25.2418
5631	25.2824
5641	25.3144
5651	25.3351
5661	25.3843
5671	25.4188
5681	25.4752
5691	25.5315
5701	25.5701
5711	25.6094
5721	25.646
5731	25.6815
5741	25.7084
5751	25.7404
5761	25.7821
5771	25.8139
5781	25.8657
5791	25.8959
5801	25.9334
5811	25.9818
5821	26.0273
5831	26.0851
5841	26.1309
5851	26.1769
5861	26.2347
5871	26.2881
5881	26.3317
5891	26.3668
5901	26.3996
5911	26.4274
5921	26.4581
5931	26.517
5941	26.5578
5951	26.5952
5961	26.6234
5971	26.6733
5981	26.7058
5991	26.7501
6001	26.7882
6011	26.823
6021	26.8581
6031	26.8792
6041	26.8979
6051	26.9167
6061	26.928
6071	26.9373
6081	26.945
6091	26.9507
6101	26.9701
6111	26.9967
6121	27.0226
6131	27.0538
6141	27.0895
6151	27.1223
6161	27.1864
6171	27.2448
6181	27.3252
6191	27.3964
6201	27.4941
6211	27.579
6221	27.6477
6231	27.707
6241	27.7443
6251	27.7786
6261	27.803
6271	27.8261
6281	27.8491
6291	27.867
6301	27.8859
6311	27.9038
6321	27.9197
6331	27.9302
6341	27.9547
6351	27.9743
6361	28.0039
6371	28.0285
6381	28.0687
6391	28.1292
6401	28.2014
6411	28.2687
6421	28.329
6431	28.4011
6441	28.4576
6451	28.5211
6461	28.582
6471	28.6307
6481	28.6835
6491	28.7296
6501	28.7678
6511	28.7955
6521	28.8157
6531	28.8299
6541	28.8402
6551	28.8487
6561	28.8843
6571	28.9136
6581	28.9445
6591	28.9753
6601	29.0134
6611	29.0544
6621	29.0973
6631	29.1261
6641	29.1573
6651	29.183
6661	29.2095
6671	29.2342
6681	29.2647
6691	29.2917
6701	29.3133
6711	29.3328
6721	29.351
6731	29.3733
6741	29.3888
6751	29.4042
6761	29.4344
6771	29.4971
6781	29.575
6791	29.6268
6801	29.6665
6811	29.7225
6821	29.7802
6831	29.8254
6841	29.8921
6851	29.9636
6861	30.0137
6871	30.0589
6881	30.0921
6891	30.1324
6901	30.1805
6911	30.2194
6921	30.2476
6931	30.2714
6941	30.2885
6951	30.2988
6961	30.3072
6971	30.3257
6981	30.3439
6991	30.3754
7001	30.4211
7011	30.4722
7021	30.5214
7031	30.575
7041	30.6323
7051	30.7034
7061	30.7613
7071	30.8045
7081	30.8553
7091	30.9068
7101	30.9524
7111	30.9996
7121	31.0424
7131	31.0731
7141	31.1054
7151	31.1343
7161	31.1571
7171	31.177
7181	31.193
7191	31.2137
7201	31.2373
7211	31.2627
7221	31.3163
7231	31.3415
7241	31.3676
7251	31.3942
7261	31.416
7271	31.4413
7281	31.4692
7291	31.4934
7301	31.5084
7311	31.5277
7321	31.5656
7331	31.6051
7341	31.6383
7351	31.6929
7361	31.7639
7371	31.8198
7381	31.8623
7391	31.9064
7401	31.9393
7411	31.9762
7421	32.0129
7431	32.0551
7441	32.0995
7451	32.1513
7461	32.2109
7471	32.2584
7481	32.3013
7491	32.3437
7501	32.3766
7511	32.4005
7521	32.4311
7531	32.4651
7541	32.5047
7551	32.5537
7561	32.5928
7571	32.617
7581	32.6725
7591	32.719
7601	32.7645
7611	32.7956
7621	32.8218
7631	32.8478
7641	32.8912
7651	32.9322
7661	32.9772
7671	33.0217
7681	33.0645
7691	33.1056
7701	33.1387
7711	33.1738
7721	33.2193
7731	33.2562
7741	33.2838
7751	33.3021
7761	33.3403
7771	33.3689
7781	33.4074
7791	33.4413
7801	33.4874
7811	33.5282
7821	33.5657
7831	33.5913
7841	33.6112
7851	33.6357
7861	33.6625
7871	33.6889
7881	33.7168
7891	33.7439
7901	33.7639
7911	33.7857
7921	33.7974
7931	33.8128
7941	33.8312
7951	33.8678
7961	33.9003
7971	33.9368
7981	33.9891
7991	34.0487
8001	34.0914
8011	34.1345
8021	34.1905
8031	34.2492
8041	34.3122
8051	34.3621
8061	34.4149
8071	34.455
8081	34.504
8091	34.5537
8101	34.5921
8111	34.619
8121	34.6426
8131	34.6691
8141	34.6907
8151	34.7321
8161	34.7677
8171	34.7896
8181	34.8293
8191	34.8815
8201	34.9268
8211	34.969
8221	35.0069
8231	35.0389
8241	35.0754
8251	35.1175
8261	35.1637
8271	35.212
8281	35.268
8291	35.3161
8301	35.3715
8311	35.4161
8321	35.464
8331	35.4981
8341	35.5318
8351	35.5645
8361	35.5945
8371	35.6204
8381	35.6387
8391	35.6643
8401	35.698
8411	35.7247
8421	35.7565
8431	35.7827
8441	35.796
8451	35.8204
8461	35.8444
8471	35.855
8481	35.8683
8491	35.8845
8501	35.8961
8511	35.9162
8521	35.9419
8531	35.9843
8541	36.0367
8551	36.0904
8561	36.1391
8571	36.1848
8581	36.2154
8591	36.2437
8601	36.2769
8611	36.3128
8621	36.3574
8631	36.4136
8641	36.4581
8651	36.4931
8661	36.5377
8671	36.5839
8681	36.6299
8691	36.6618
8701	36.6878
8711	36.7143
8721	36.7304
8731	36.7481
8741	36.771
8751	36.8005
8761	36.8288
8771	36.861
8781	36.8972
8791	36.9558
8801	37.0015
8811	37.0565
8821	37.0982
8831	37.1332
8841	37.1794
8851	37.2105
8861	37.257
8871	37.32
8881	37.3695
8891	37.4111
8901	37.4494
8911	37.4842
8921	37.5118
8931	37.538
8941	37.5698
8951	37.604
8961	37.6518
8971	37.6938
8981	37.7225
8991	37.7545
9001	37.7889
9011	37.827
9021	37.8591
9031	37.885
9041	37.9062
9051	37.9246
9061	37.946
9071	37.9657
9081	37.9929
9091	38.013
9101	38.0346
9111	38.0534
9121	38.0624
9131	38.0769
9141	38.1103
9151	38.1404
9161	38.1987
9171	38.2525
9181	38.2963
9191	38.3346
9201	38.3829
9211	38.4305
9221	38.486
9231	38.5348
9241	38.5783
9251	38.6345
9261	38.6791
9271	38.7383
9281	38.7802
9291	38.8196
9301	38.849
9311	38.8748
9321	38.9022
9331	38.9273
9341	38.9506
9351	38.9747
9361	39.0015
9371	39.0407
9381	39.0705
9391	39.0995
9401	39.138
9411	39.1967
9421	39.2526
9431	39.3169
9441	39.3691
9451	39.4115
9461	39.4579
9471	39.5043
9481	39.5377
9491	39.5836
9501	39.6396
9511	39.677
9521	39.7102
9531	39.7433
9541	39.7654
9551	39.8005
9561	39.8411
9571	39.8763
9581	39.906
9591	39.9379
9601	39.9729
9611	40.0048
9621	40.0299
9631	40.0497
9641	40.079
9651	40.1085
9661	40.1363
9671	40.1762
9681	40.2031
9691	40.2302
9701	40.2686
9711	40.2876
9721	40.3062
9731	40.3457
9741	40.3808
9751	40.4139
9761	40.449
9771	40.5034
9781	40.5551
9791	40.6052
9801	40.6487
9811	40.6901
9821	40.7372
9831	40.7899
9841	40.8331
9851	40.87
9861	40.9068
9871	40.9357
9881	40.9729
9891	41.0144
9901	41.0508
9911	41.098
9921	41.1365
9931	41.1738
9941	41.2004
9951	41.2147
9961	41.228
9971	41.2551
9981	41.2802
9991	41.3203
10001	41.3641
10011	41.4074
10021	41.4388
10031	41.4712
10041	41.5054
10051	41.5585
10061	41.5969
10071	41.6328
10081	41.6685
10091	41.7003
10101	41.7395
10111	41.7733
10121	41.8232
10131	41.8632
10141	41.8989
10151	41.9396
10161	41.9708
10171	42.002
10181	42.0446
10191	42.0868
10201	42.121
10211	42.1844
10221	42.2328
10231	42.2768
10241	42.305
10251	42.3259
10261	42.3447
10271	42.358
10281	42.3723
10291	42.387
10301	42.4037
10311	42.4302
10321	42.4527
10331	42.4708
10341	42.5003
10351	42.5409
10361	42.59
10371	42.6465
10381	42.6837
10391	42.7286
10401	42.7718
10411	42.8102
10421	42.8548
10431	42.8966
10441	42.9355
10451	42.9796
10461	43.0202
10471	43.0744
10481	43.1254
10491	43.1615
10501	43.2068
10511	43.2474
10521	43.2781
10531	43.3018
10541	43.322
10551	43.3433
10561	43.3665
10571	43.396
10581	43.4317
10591	43.4621
10601	43.4912
10611	43.5226
10621	43.5612
10631	43.6124
10641	43.6728
10651	43.7306
10661	43.787
10671	43.8407
10681	43.8797
10691	43.9224
10701	43.9611
10711	43.9885
10721	44.036
10731	44.0904
10741	44.1407
10751	44.192
10761	44.2358
10771	44.2675
10781	44.2927
10791	44.3209
10801	44.3454
10811	44.3712
10821	44.3879
10831	44.4081
10841	44.4303
10851	44.4396
10861	44.4649
10871	44.4782
10881	44.4913
10891	44.5102
10901	44.5289
10911	44.5491
10921	44.5813
10931	44.6018
10941	44.6214
10951	44.6456
10961	44.6788
10971	44.7179
10981	44.7597
10991	44.8079
11001	44.8658
11011	44.9422
11021	45.0204
11031	45.0893
11041	45.1463
11051	45.1991
11061	45.2384
11071	45.2882
11081	45.3208
11091	45.358
11101	45.3867
11111	45.4151
11121	45.4352
11131	45.4614
11141	45.4794
11151	45.4911
11161	45.5032
11171	45.5247
11181	45.5402
11191	45.5664
11201	45.5922
11211	45.623
11221	45.6488
11231	45.684
11241	45.7217
11251	45.7607
11261	45.7969
11271	45.8487
11281	45.8999
11291	45.9582
11301	46.0327
11311	46.095
11321	46.1633
11331	46.2219
11341	46.2663
11351	46.3056
11361	46.3364
11371	46.3598
11381	46.3787
11391	46.391
11401	46.4156
11411	46.4405
11421	46.4644
11431	46.4997
11441	46.5327
11451	46.5528
11461	46.5716
11471	46.598
11481	46.624
11491	46.6511
11501	46.6772
11511	46.696
11521	46.7236
11531	46.759
11541	46.782
11551	46.8141
11561	46.8533
11571	46.8843
11581	46.9366
11591	46.9869
11601	47.0298
11611	47.0735
11621	47.1222
11631	47.1585
11641	47.1987
11651	47.2426
11661	47.2763
11671	47.3231
11681	47.3816
11691	47.44
11701	47.486
11711	47.5232
11721	47.5619
11731	47.5919
11741	47.6182
11751	47.6455
11761	47.6838
11771	47.7144
11781	47.7413
11791	47.7702
11801	47.8099
11811	47.8364
11821	47.8796
11831	47.9133
11841	47.9468
11851	47.9708
11861	48.0071
11871	48.0352
11881	48.0894
11891	48.1475
11901	48.1829
11911	48.2257
11921	48.2672
11931	48.312
11941	48.3669
11951	48.405
11961	48.4344
11971	48.4614
11981	48.4957
11991	48.5265
12001	48.5517
12011	48.5951
12021	48.6301
12031	48.6534
12041	48.6942
12051	48.7252
12061	48.7565
12071	48.7942
12081	48.8148
12091	48.8352
12101	48.8514
12111	48.8631
12121	48.872
12131	48.8788
12141	48.8859
12151	48.9087
12161	48.9372
12171	48.977
12181	49.0156
12191	49.0476
12201	49.0988
12211	49.1439
12221	49.1962
12231	49.2371
12241	49.2774
12251	49.325
12261	49.3672
12271	49.4099
12281	49.4379
12291	49.4763
12301	49.5481
12311	49.6043
12321	49.6526
12331	49.6995
12341	49.7327
12351	49.7656
12361	49.7886
12371	49.8064
12381	49.8366
12391	49.8817
12401	49.9168
12411	49.9447
12421	49.9744
12431	50.0085
12441	50.036
12451	50.0566
12461	50.073
12471	50.0986
12481	50.119
12491	50.1555
12501	50.2218
12511	50.2792
12521	50.3426
12531	50.4106
12541	50.4843
12551	50.5422
12561	50.5912
12571	50.6316
12581	50.6596
12591	50.6972
12601	50.7309
12611	50.7537
12621	50.771
12631	50.7974
12641	50.8194
12651	50.8483
12661	50.8737
12671	50.898
12681	50.9166
12691	50.9373
12701	50.9526
12711	50.9657
12721	50.9738
12731	50.9801
12741	51.0063
12751	51.0355
12761	51.0778
12771	51.1201
12781	51.1646
12791	51.2135
12801	51.2621
12811	51.3103
12821	51.3485
12831	51.4114
12841	51.4545
12851	51.5067
12861	51.5466
12871	51.5815
12881	51.6219
12891	51.6817
12901	51.7363
12911	51.7861
12921	51.8342
12931	51.8662
12941	51.8964
12951	51.9206
12961	51.9369
12971	51.9549
12981	51.9713
12991	51.9888
13001	52.0118
13011	52.0442
13021	52.072
13031	52.0947
13041	52.1336
13051	52.1689
13061	52.2089
13071	52.239
13081	52.263
13091	52.2994
13101	52.3381
13111	52.3858
13121	52.4358
13131	52.4929
13141	52.531
13151	52.5656
13161	52.6111
13171	52.6471
13181	52.6777
13191	52.7186
13201	52.7517
13211	52.7779
13221	52.8146
13231	52.8473
13241	52.8842
13251	52.9068
13261	52.925
13271	52.947
13281	52.9738
13291	52.9959
13301	53.0239
13311	53.0444
13321	53.0719
13331	53.0967
13341	53.1121
13351	53.1271
13361	53.1445
13371	53.1733
13381	53.1903
13391	53.2261
13401	53.2709
13411	53.3071
13421	53.3677
13431	53.4223
13441	53.459
13451	53.5081
13461	53.5533
13471	53.6031
13481	53.6578
13491	53.6932
13501	53.7289
13511	53.7564
13521	53.7796
13531	53.8079
13541	53.8371
13551	53.8724
13561	53.915
13571	53.9531
13581	53.9858
13591	54.0192
13601	54.0651
13611	54.1064
13621	54.136
13631	54.1747
13641	54.2124
13651	54.2483
13661	54.2865
13671	54.3114
13681	54.3328
13691	54.3566
13701	54.3849
13711	54.4229
13721	54.4452
13731	54.4741
13741	54.4948
13751	54.5195
13761	54.543
13771	54.566
13781	54.605
13791	54.6464
13801	54.6992
13811	54.7514
13821	54.7956
13831	54.841
13841	54.8982
13851	54.93
13861	54.9495
13871	54.9742
13881	54.994
13891	55.0133
13901	55.0258
13911	55.0468
13921	55.0669
13931	55.0901
13941	55.117
13951	55.162
13961	55.1905
13971	55.2168
13981	55.2515
13991	55.2934
14001	55.3256
14011	55.3537
14021	55.3789
14031	55.4127
14041	55.4503
14051	55.478
14061	55.5157
14071	55.5652
14081	55.6244
14091	55.6812
14101	55.7439
14111	55.7837
14121	55.8324
14131	55.8735
14141	55.9067
14151	55.9355
14161	55.9613
14171	55.9926
14181	56.0189
14191	56.0591
14201	56.0847
14211	56.1108
14221	56.131
14231	56.1538
14241	56.1876
14251	56.2265
14261	56.2527
14271	56.2896
14281	56.325
14291	56.3603
14301	56.4115
14311	56.4558
14321	56.4981
14331	56.553
14341	56.6081
14351	56.6424
14361	56.6762
14371	56.7211
14381	56.7664
14391	56.8005
14401	56.8315
14411	56.8729
14421	56.9104
14431	56.9397
14441	56.9671
14451	56.9817
14461	57.0029
14471	57.0212
14481	57.0416
14491	57.0727
14501	57.0916
14511	57.1142
14521	57.1315
14531	57.1597
14541	57.1839
14551	57.2252
14561	57.28
14571	57.3373
14581	57.3795
14591	57.4237
14601	57.473
14611	57.53
14621	57.5789
14631	57.6293
14641	57.6721
14651	57.7244
14661	57.7684
14671	57.8122
14681	57.8425
14691	57.8791
14701	57.9107
14711	57.9462
14721	57.9859
14731	58.0138
14741	58.0292
14751	58.0504
14761	58.0707
14771	58.0951
14781	58.1082
14791	58.1227
14801	58.1462
14811	58.1743
14821	58.201
14831	58.2421
14841	58.2884
14851	58.3378
14861	58.3886
14871	58.4331
14881	58.464
14891	58.4981
14901	58.5468
14911	58.5852
14921	58.6235
14931	58.6706
14941	58.7134
14951	58.7527
14961	58.8061
14971	58.8498
14981	58.8843
14991	58.9116
15001	58.9446
15011	58.9761
15021	59.0038
15031	59.0256
15041	59.0507
15051	59.0825
15061	59.1033
15071	59.1215
15081	59.142
15091	59.1607
15101	59.1734
15111	59.1866
15121	59.1982
15131	59.208
15141	59.2129
15151	59.2176
15161	59.2219
15171	59.2327
15181	59.26
15191	59.2947
15201	59.3436
15211	59.3944
15221	59.455
15231	59.5239
15241	59.5783
15251	59.6355
15261	59.6923
15271	59.7323
15281	59.7946
15291	59.8662
15301	59.9276
15311	59.9813
15321	60.0243
15331	60.0654
15341	60.102
15351	60.1338
15361	60.1571
15371	60.1774
15381	60.1904
15391	60.201
15401	60.2093
15411	60.229
15421	60.2525
15431	60.272
15441	60.2891
15451	60.3106
15461	60.363
15471	60.4192
15481	60.4647
15491	60.5061
15501	60.5509
15511	60.5945
15521	60.6252
15531	60.6696
15541	60.6998
15551	60.7336
15561	60.7726
15571	60.8073
15581	60.863
15591	60.904
15601	60.9552
15611	61.0025
15621	61.0392
15631	61.078
15641	61.1101
15651	61.1376
15661	61.1513
15671	61.1709
15681	61.1856
15691	61.1962
15701	61.214
15711	61.2366
15721	61.2553
15731	61.2722
15741	61.2921
15751	61.3094
15761	61.3397
15771	61.3659
15781	61.3883
15791	61.4074
15801	61.4205
15811	61.4638
15821	61.5061
15831	61.5494
15841	61.6009
15851	61.6629
15861	61.7118
15871	61.7741
15881	61.8244
15891	61.866
15901	61.8977
15911	61.9438
15921	61.9845
15931	62.037
15941	62.0714
15951	62.1015
15961	62.1248
15971	62.1586
15981	62.1862
15991	62.2062
16001	62.2193
16011	62.2406
16021	62.2698
16031	62.3008
16041	62.3202
16051	62.344
16061	62.3723
16071	62.3949
16081	62.4221
16091	62.4539
16101	62.4716
16111	62.5017
16121	62.5439
16131	62.595
16141	62.6457
16151	62.7029
16161	62.761
16171	62.8203
16181	62.8689
16191	62.9057
16201	62.9458
16211	62.9798
16221	63.0103
16231	63.0359
16241	63.0573
16251	63.081
16261	63.1002
16271	63.1107
16281	63.1238
16291	63.1397
16301	63.1529
16311	63.1698
16321	63.1896
16331	63.2098
16341	63.2221
16351	63.2467
16361	63.2663
16371	63.2933
16381	63.318
16391	63.347
16401	63.3909
16411	63.4421
16421	63.4861
16431	63.5226
16441	63.5716
16451	63.6265
16461	63.6702
16471	63.7056
16481	63.742
16491	63.7834
16501	63.8279
16511	63.8565
16521	63.8853
16531	63.9045
16541	63.9358
16551	63.9609
16561	63.9909
16571	64.0218
16581	64.0533
16591	64.0841
16601	64.1155
16611	64.1513
16621	64.1882
16631	64.212
16641	64.2318
16651	64.2496
16661	64.2747
16671	64.3017
16681	64.3289
16691	64.3611
16701	64.41
16711	64.4502
16721	64.4827
16731	64.5111
16741	64.5517
16751	64.6107
16761	64.651
16771	64.6884
16781	64.7214
16791	64.7618
16801	64.7974
16811	64.8337
16821	64.8694
16831	64.9111
16841	64.9559
16851	64.9939
16861	65.0205
16871	65.0464
16881	65.0728
16891	65.0931
16901	65.1076
16911	65.1246
16921	65.1398
16931	65.1549
16941	65.1639
16951	65.1837
16961	65.2051
16971	65.2259
16981	65.2601
16991	65.2905
17001	65.35
17011	65.3896
17021	65.4235
17031	65.46
17041	65.4989
17051	65.5308
17061	65.5568
17071	65.5919
17081	65.6332
17091	65.6642
17101	65.7062
17111	65.7567
17121	65.8016
17131	65.8311
17141	65.8592
17151	65.8925
17161	65.9334
17171	65.9639
17181	65.9826
17191	66.0076
17201	66.0402
17211	66.0706
17221	66.0995
17231	66.1338
17241	66.1689
17251	66.2163
17261	66.2592
17271	66.3014
17281	66.3353
17291	66.3712
17301	66.4018
17311	66.421
17321	66.4474
17331	66.4762
17341	66.5123
17351	66.5386
17361	66.5703
17371	66.6152
17381	66.6569
17391	66.6944
17401	66.7235
17411	66.7498
17421	66.7698
17431	66.7847
17441	66.8008
17451	66.8376
17461	66.8801
17471	66.9093
17481	66.9415
17491	66.9775
17501	67.0086
17511	67.0252
17521	67.0419
17531	67.0577
17541	67.0834
17551	67.1074
17561	67.1282
17571	67.1544
17581	67.1757
17591	67.1883
17601	67.2089
17611	67.2228
17621	67.2394
17631	67.265
17641	67.2998
17651	67.329
17661	67.3781
17671	67.437
17681	67.4829
17691	67.511
17701	67.5509
17711	67.6022
17721	67.6584
17731	67.7099
17741	67.7635
17751	67.8049
17761	67.848
17771	67.896
17781	67.9242
17791	67.9543
17801	67.9975
17811	68.0266
17821	68.0556
17831	68.0928
17841	68.114
17851	68.135
17861	68.1658
17871	68.1903
17881	68.2112
17891	68.2333
17901	68.2639
17911	68.2896
17921	68.3198
17931	68.3561
17941	68.4084
17951	68.4545
17961	68.4822
17971	68.5158
17981	68.5445
17991	68.5748
18001	68.6058
18011	68.6376
18021	68.6621
18031	68.7048
18041	68.7411
18051	68.764
18061	68.7953
18071	68.8147
18081	68.8379
18091	68.8636
18101	68.8893
18111	68.9079
18121	68.9216
18131	68.9308
18141	68.9405
18151	68.9451
18161	68.9537
18171	68.9754
18181	68.9924
18191	69.0086
18201	69.022
18211	69.0342
18221	69.0423
18231	69.066
18241	69.0872
18251	69.1112
18261	69.1355
18271	69.1616
18281	69.1864
18291	69.2121
18301	69.26
18311	69.299
18321	69.3415
18331	69.3838
18341	69.4261
18351	69.4844
18361	69.5206
18371	69.5525
18381	69.5873
18391	69.6148
18401	69.6314
18411	69.6475
18421	69.6655
18431	69.6962
18441	69.7251
18451	69.7527
18461	69.7801
18471	69.8069
18481	69.8355
18491	69.8561
18501	69.873
18511	69.8833
18521	69.9011
18531	69.9259
18541	69.9574
18551	69.9873
18561	70.0158
18571	70.0637
18581	70.104
18591	70.1497
18601	70.1958
18611	70.2343
18621	70.2761
18631	70.3287
18641	70.3648
18651	70.4022
18661	70.4384
18671	70.4603
18681	70.4841
18691	70.5061
18701	70.522
18711	70.5331
18721	70.5406
18731	70.5459
18741	70.5596
18751	70.577
18761	70.595
18771	70.619
18781	70.6435
18791	70.6641
18801	70.696
18811	70.7172
18821	70.7368
18831	70.7652
18841	70.7896
18851	70.8172
18861	70.8494
18871	70.8962
18881	70.9322
18891	70.9573
18901	70.9947
18911	71.0276
18921	71.069
18931	71.1287
18941	71.1675
18951	71.2167
18961	71.259
18971	71.3022
18981	71.3407
18991	71.3922
19001	71.4293
19011	71.4606
19021	71.492
19031	71.5234
19041	71.5484
19051	71.5707
19061	71.5976
19071	71.6231
19081	71.6413
19091	71.6586
19101	71.6896
19111	71.7038
19121	71.733
19131	71.7655
19141	71.7933
19151	71.8288
19161	71.8711
19171	71.9046
19181	71.9386
19191	71.9713
19201	71.9983
19211	72.0226
19221	72.064
19231	72.1089
19241	72.1458
19251	72.1884
19261	72.2258
19271	72.2486
19281	72.2697
19291	72.291
19301	72.3079
19311	72.3227
19321	72.333
19331	72.34
19341	72.3544
19351	72.3643
19361	72.3709
19371	72.3872
19381	72.4082
19391	72.4327
19401	72.4515
19411	72.484
19421	72.5302
19431	72.5695
19441	72.6068
19451	72.6481
19461	72.6876
19471	72.7336
19481	72.7637
19491	72.8041
19501	72.8406
19511	72.8828
19521	72.9322
19531	72.9638
19541	73.0094
19551	73.0543
19561	73.0834
19571	73.1128
19581	73.1416
19591	73.1587
19601	73.1763
19611	73.1887
19621	73.2089
19631	73.2392
19641	73.2589
19651	73.2768
19661	73.3044
19671	73.3261
19681	73.3505
19691	73.3954
19701	73.4295
19711	73.4713
19721	73.4982
19731	73.5315
19741	73.5723
19751	73.6069
19761	73.6448
19771	73.673
19781	73.6926
19791	73.708
19801	73.7335
19811	73.7737
19821	73.8213
19831	73.855
19841	73.8899
19851	73.9153
19861	73.9433
19871	73.9663
19881	73.9906
19891	74.0122
19901	74.0327
19911	74.0497
19921	74.0608
19931	74.0691
19941	74.0832
19951	74.0928
19961	74.0998
19971	74.1169
19981	74.1345
19991	74.1559
20001	74.177
20011	74.2003
20021	74.2142
20031	74.226
20041	74.2351
20051	74.2466
20061	74.256
20071	74.2803
20081	74.3243
20091	74.3732
20101	74.4291
20111	74.4942
20121	74.5602
20131	74.6133
20141	74.6791
20151	74.7333
20161	74.7819
20171	74.8233
20181	74.8742
20191	74.9215
20201	74.9514
20211	74.9793
20221	75.0016
20231	75.0242
20241	75.0417
20251	75.0574
20261	75.0747
20271	75.0878
20281	75.0994
20291	75.1262
20301	75.1516
20311	75.1711
20321	75.1843
20331	75.21
20341	75.2323
20351	75.2709
20361	75.294
20371	75.3282
20381	75.3732
20391	75.4103
20401	75.4572
20411	75.5169
20421	75.582
20431	75.6418
20441	75.6795
20451	75.7143
20461	75.7486
20471	75.7797
20481	75.8097
20491	75.8354
20501	75.8589
20511	75.8825
20521	75.9037
20531	75.9253
20541	75.9448
20551	75.9582
20561	75.974
20571	75.996
20581	76.0217
20591	76.0429
20601	76.0544
20611	76.07
20621	76.0921
20631	76.1097
20641	76.1297
20651	76.157
20661	76.1814
20671	76.2074
20681	76.2307
20691	76.2614
20701	76.2924
20711	76.3254
20721	76.3709
20731	76.4144
20741	76.4568
20751	76.5222
20761	76.571
20771	76.6042
20781	76.6388
20791	76.6618
20801	76.682
20811	76.7054
20821	76.7319
20831	76.7675
20841	76.7999
20851	76.8267
20861	76.8549
20871	76.8797
20881	76.897
20891	76.9153
20901	76.9335
20911	76.9527
20921	76.9805
20931	77.0075
20941	77.0311
20951	77.0475
20961	77.063
20971	77.0837
20981	77.1105
20991	77.1356
21001	77.1706
21011	77.2136
21021	77.2553
21031	77.3005
21041	77.3462
21051	77.3769
21061	77.4032
21071	77.4342
21081	77.4658
21091	77.4944
21101	77.5251
21111	77.5507
21121	77.5665
21131	77.5867
21141	77.6036
21151	77.6183
21161	77.6281
21171	77.6383
21181	77.645
21191	77.655
21201	77.6647
21211	77.6939
21221	77.7221
21231	77.7498
21241	77.7908
21251	77.8297
21261	77.8578
21271	77.8852
21281	77.9147
21291	77.9414
21301	77.9684
21311	78.0159
21321	78.0597
21331	78.0892
21341	78.1233
21351	78.1524
21361	78.1766
21371	78.1967
21381	78.2238
21391	78.2552
21401	78.2812
21411	78.2987
21421	78.3194
21431	78.3395
21441	78.3788
21451	78.4147
21461	78.4576
21471	78.4915
21481	78.5263
21491	78.5582
21501	78.5892
21511	78.6238
21521	78.6515
21531	78.6755
21541	78.7026
21551	78.7217
21561	78.7389
21571	78.7614
21581	78.7758
21591	78.7908
21601	78.8086
21611	78.8275
21621	78.8472
21631	78.8688
21641	78.8875
21651	78.9099
21661	78.9302
21671	78.9475
21681	78.974
21691	78.993
21701	79.0153
21711	79.0461
21721	79.064
21731	79.0878
21741	79.1041
21751	79.1148
21761	79.1286
21771	79.1367
21781	79.1431
21791	79.154
21801	79.1704
21811	79.184
21821	79.209
21831	79.2461
21841	79.2836
21851	79.3461
21861	79.4015
21871	79.4436
21881	79.4876
21891	79.524
21901	79.5604
21911	79.6048
21921	79.6455
21931	79.6778
21941	79.7055
21951	79.7378
21961	79.7738
21971	79.8032
21981	79.8296
21991	79.8521
22001	79.8692
22011	79.889
22021	79.9061
22031	79.9191
22041	79.9296
22051	79.9355
22061	79.9427
22071	79.9621
22081	79.983
22091	80.0348
22101	80.0722
22111	80.1202
22121	80.1589
22131	80.1891
22141	80.2314
22151	80.2818
22161	80.3201
22171	80.3591
22181	80.3897
22191	80.4347
22201	80.4657
22211	80.4979
22221	80.5315
22231	80.5649
22241	80.5932
22251	80.6327
22261	80.6599
22271	80.6923
22281	80.7088
22291	80.7213
22301	80.7374
22311	80.749
22321	80.7608
22331	80.7704
22341	80.7759
22351	80.7823
22361	80.7902
22371	80.7998
22381	80.8076
22391	80.8172
22401	80.8242
22411	80.8492
22421	80.8752
22431	80.9097
22441	80.9462
22451	80.9787
22461	81.0193
22471	81.0638
22481	81.0999
22491	81.1468
22501	81.1798
22511	81.2184
22521	81.2529
22531	81.2761
22541	81.2999
22551	81.3189
22561	81.3589
22571	81.4057
22581	81.4539
22591	81.5109
22601	81.5489
22611	81.5904
22621	81.6298
22631	81.6609
22641	81.6804
22651	81.7099
22661	81.7308
22671	81.7437
22681	81.7563
22691	81.7653
22701	81.7729
22711	81.7884
22721	81.7974
22731	81.8053
22741	81.8231
22751	81.8419
22761	81.8784
22771	81.9055
22781	81.9298
22791	81.9504
22801	81.9764
22811	82.0058
22821	82.0228
22831	82.0455
22841	82.0733
22851	82.0979
22861	82.1311
22871	82.1605
22881	82.1877
22891	82.2057
22901	82.2284
22911	82.2429
22921	82.2611
22931	82.2759
22941	82.2873
22951	82.2966
22961	82.3046
22971	82.3296
22981	82.3512
22991	82.3666
23001	82.3885
23011	82.4135
23021	82.4271
23031	82.4479
23041	82.4692
23051	82.4823
23061	82.4937
23071	82.5058
23081	82.5273
23091	82.5559
23101	82.5854
23111	82.6167
23121	82.6642
23131	82.7182
23141	82.758
23151	82.7939
23161	82.8236
23171	82.8573
23181	82.8963
23191	82.9275
23201	82.9537
23211	82.9791
23221	83.0071
23231	83.0313
23241	83.0559
23251	83.0752
23261	83.0939
23271	83.1145
23281	83.1401
23291	83.1612
23301	83.1837
23311	83.2018
23321	83.2178
23331	83.2348
23341	83.2512
23351	83.2728
23361	83.308
23371	83.3457
23381	83.369
23391	83.3915
23401	83.4161
23411	83.4393
23421	83.4654
23431	83.492
23441	83.517
23451	83.5603
23461	83.5922
23471	83.6222
23481	83.6511
23491	83.677
23501	83.7006
23511	83.7234
23521	83.7395
23531	83.7517
23541	83.7689
23551	83.7883
23561	83.8028
23571	83.8244
23581	83.8469
23591	83.8668
23601	83.8854
23611	83.9041
23621	83.9156
23631	83.9264
23641	83.9442
23651	83.9552
23661	83.9637
23671	83.9723
23681	83.9812
23691	84.0117
23701	84.0565
23711	84.1035
23721	84.1503
23731	84.195
23741	84.234
23751	84.2662
23761	84.3101
23771	84.3488
23781	84.3838
23791	84.4108
23801	84.4401
23811	84.4614
23821	84.4819
23831	84.5086
23841	84.5334
23851	84.5655
23861	84.591
23871	84.6224
23881	84.6468
23891	84.6717
23901	84.6924
23911	84.7203
23921	84.7381
23931	84.7628
23941	84.7835
23951	84.8
23961	84.8257
23971	84.8471
23981	84.8654
23991	84.8852
24001	84.9009
24011	84.9234
24021	84.9548
24031	84.9818
24041	85.014
24051	85.0374
24061	85.0627
24071	85.0914
24081	85.1149
24091	85.133
24101	85.144
24111	85.1596
24121	85.1731
24131	85.186
24141	85.1951
24151	85.2136
24161	85.2296
24171	85.2464
24181	85.265
24191	85.2854
24201	85.304
24211	85.316
24221	85.3314
24231	85.3504
24241	85.3733
24251	85.393
24261	85.4111
24271	85.4267
24281	85.456
24291	85.4871
24301	85.5129
24311	85.5447
24321	85.5727
24331	85.6044
24341	85.6364
24351	85.6681
24361	85.6928
24371	85.7151
24381	85.7366
24391	85.7693
24401	85.8015
24411	85.8324
24421	85.8648
24431	85.888
24441	85.9215
24451	85.945
24461	85.9638
24471	85.9867
24481	86.008
24491	86.0257
24501	86.0486
24511	86.0649
24521	86.0879
24531	86.1257
24541	86.1575
24551	86.1794
24561	86.199
24571	86.2148
24581	86.24
24591	86.2724
24601	86.291
24611	86.3104
24621	86.3294
24631	86.3508
24641	86.3695
24651	86.3816
24661	86.4122
24671	86.4401
24681	86.4612
24691	86.4873
24701	86.5093
24711	86.528
24721	86.5429
24731	86.5567
24741	86.5729
24751	86.5854
24761	86.5948
24771	86.6046
24781	86.6097
24791	86.6158
24801	86.6348
24811	86.6532
24821	86.6754
24831	86.7118
24841	86.7482
24851	86.7765
24861	86.7996
24871	86.8237
24881	86.8495
24891	86.8771
24901	86.9021
24911	86.9297
24921	86.9531
24931	86.972
24941	86.9997
24951	87.0185
24961	87.0347
24971	87.0546
24981	87.0763
24991	87.1042
25001	87.1334
25011	87.1603
25021	87.1816
25031	87.2017
25041	87.2232
25051	87.2461
25061	87.2741
25071	87.2998
25081	87.3267
25091	87.3577
25101	87.3879
25111	87.4173
25121	87.4521
25131	87.485
25141	87.5155
25151	87.5412
25161	87.5602
25171	87.5834
25181	87.6019
25191	87.6141
25201	87.6363
25211	87.6564
25221	87.6726
25231	87.6907
25241	87.7014
25251	87.7217
25261	87.7388
25271	87.7544
25281	87.7714
25291	87.7842
25301	87.8004
25311	87.8123
25321	87.8243
25331	87.8338
25341	87.8417
25351	87.8465
25361	87.8508
25371	87.8539
25381	87.8573
25391	87.8657
25401	87.8728
25411	87.8772
25421	87.8825
25431	87.8861
25441	87.898
25451	87.9145
25461	87.9327
25471	87.9485
25481	87.9707
25491	87.9956
25501	88.0218
25511	88.054
25521	88.0895
25531	88.1342
25541	88.1695
25551	88.2224
25561	88.267
25571	88.3131
25581	88.3565
25591	88.3927
25601	88.4264
25611	88.4558
25621	88.4845
25631	88.5099
25641	88.5302
25651	88.5458
25661	88.56
25671	88.5749
25681	88.5894
25691	88.6002
25701	88.6123
25711	88.6328
25721	88.6452
25731	88.6624
25741	88.6801
25751	88.7049
25761	88.7309
25771	88.7517
25781	88.7814
25791	88.8119
25801	88.8313
25811	88.8546
25821	88.8865
25831	88.9068
25841	88.9368
25851	88.9629
25861	88.9826
25871	89.0129
25881	89.0402
25891	89.0634
25901	89.0844
25911	89.1048
25921	89.1238
25931	89.1376
25941	89.1515
25951	89.1613
25961	89.1748
25971	89.1942
25981	89.208
25991	89.2254
26001	89.2434
26011	89.2631
26021	89.2814
26031	89.2991
26041	89.3224
26051	89.3376
26061	89.3496
26071	89.3645
26081	89.3852
26091	89.416
26101	89.4421
26111	89.4743
26121	89.5082
26131	89.5323
26141	89.5741
26151	89.6138
26161	89.6585
26171	89.6968
26181	89.7281
26191	89.7549
26201	89.7777
26211	89.7938
26221	89.8094
26231	89.819
26241	89.8393
26251	89.8671
26261	89.8902
26271	89.9148
26281	89.9315
26291	89.9511
26301	89.9718
26311	89.984
26321	89.9934
26331	90.0097
26341	90.0198
26351	90.0301
26361	90.0377
26371	90.0626
26381	90.0915
26391	90.1168
26401	90.1409
26411	90.1575
26421	90.1739
26431	90.186
26441	90.2
26451	90.211
26461	90.2285
26471	90.2439
26481	90.2613
26491	90.2845
26501	90.3094
26511	90.334
26521	90.3531
26531	90.3707
26541	90.3839
26551	90.3973
26561	90.404
26571	90.4099
26581	90.4224
26591	90.4363
26601	90.4463
26611	90.4627
26621	90.4825
26631	90.5072
26641	90.541
26651	90.5697
26661	90.5999
26671	90.6286
26681	90.6553
26691	90.6777
26701	90.7052
26711	90.7325
26721	90.7654
26731	90.7943
26741	90.814
26751	90.8387
26761	90.8596
26771	90.8814
26781	90.9075
26791	90.9404
26801	90.9762
26811	91.0004
26821	91.0279
26831	91.059
26841	91.0841
26851	91.1132
26861	91.1383
26871	91.1649
26881	91.1811
26891	91.2074
26901	91.2394
26911	91.2604
26921	91.2918
26931	91.3166
26941	91.3381
26951	91.3569
26961	91.3749
26971	91.3932
26981	91.4058
26991	91.4176
27001	91.4321
27011	91.4489
27021	91.4627
27031	91.4928
27041	91.5173
27051	91.5443
27061	91.5708
27071	91.596
27081	91.6175
27091	91.6405
27101	91.6541
27111	91.6768
27121	91.6948
27131	91.7062
27141	91.7273
27151	91.7409
27161	91.7555
27171	91.7727
27181	91.7861
27191	91.7992
27201	91.8137
27211	91.8285
27221	91.8427
27231	91.8566
27241	91.8757
27251	91.8941
27261	91.9136
27271	91.9333
27281	91.9557
27291	91.9888
27301	92.0246
27311	92.0574
27321	92.0879
27331	92.1232
27341	92.1504
27351	92.2039
27361	92.2465
27371	92.2741
27381	92.3039
27391	92.3449
27401	92.3696
27411	92.3969
27421	92.4283
27431	92.4576
27441	92.4872
27451	92.5182
27461	92.5462
27471	92.5736
27481	92.5927
27491	92.6103
27501	92.6275
27511	92.642
27521	92.6694
27531	92.6907
27541	92.7041
27551	92.7242
27561	92.7385
27571	92.7547
27581	92.7758
27591	92.7945
27601	92.8078
27611	92.8318
27621	92.8482
27631	92.866
27641	92.888
27651	92.9065
27661	92.93
27671	92.9649
27681	93.007
27691	93.0408
27701	93.0689
27711	93.0954
27721	93.1171
27731	93.1332
27741	93.1458
27751	93.1552
27761	93.1634
27771	93.1764
27781	93.1917
27791	93.2092
27801	93.2213
27811	93.2297
27821	93.2374
27831	93.2436
27841	93.2513
27851	93.2704
27861	93.2881
27871	93.3114
27881	93.3443
27891	93.3782
27901	93.4119
27911	93.4522
27921	93.4846
27931	93.5156
27941	93.5508
27951	93.5779
27961	93.605
27971	93.6259
27981	93.6524
27991	93.6731
28001	93.6935
28011	93.71
28021	93.7453
28031	93.7765
28041	93.805
28051	93.8303
28061	93.8532
28071	93.8764
28081	93.9022
28091	93.9391
28101	93.9662
28111	93.9987
28121	94.0261
28131	94.0478
28141	94.0654
28151	94.0871
28161	94.1032
28171	94.119
28181	94.1355
28191	94.1487
28201	94.1592
28211	94.1775
28221	94.1938
28231	94.2063
28241	94.227
28251	94.2465
28261	94.2706
28271	94.3088
28281	94.3562
28291	94.3906
28301	94.4153
28311	94.449
28321	94.4801
28331	94.5019
28341	94.52
28351	94.5389
28361	94.5566
28371	94.5712
28381	94.5833
28391	94.5922
28401	94.6017
28411	94.6114
28421	94.6214
28431	94.6306
28441	94.6384
28451	94.6435
28461	94.6534
28471	94.6637
28481	94.6711
28491	94.6774
28501	94.6827
28511	94.6922
28521	94.7046
28531	94.722
28541	94.7411
28551	94.7645
28561	94.7946
28571	94.8196
28581	94.8587
28591	94.8874
28601	94.9204
28611	94.9536
28621	94.9834
28631	95.0112
28641	95.0363
28651	95.0577
28661	95.0823
28671	95.102
28681	95.1207
28691	95.135
28701	95.1467
28711	95.164
28721	95.182
28731	95.2011
28741	95.2266
28751	95.2636
28761	95.2884
28771	95.3172
28781	95.3404
28791	95.3653
28801	95.3954
28811	95.4313
28821	95.4609
28831	95.4864
28841	95.5035
28851	95.5252
28861	95.5446
28871	95.5637
28881	95.5834
28891	95.6018
28901	95.6174
28911	95.6369
28921	95.6539
28931	95.6703
28941	95.6846
28951	95.694
28961	95.7031
28971	95.7102
28981	95.716
28991	95.7199
29001	95.7237
29011	95.7263
29021	95.7398
29031	95.7553
29041	95.7765
29051	95.7955
29061	95.8121
29071	95.8296
29081	95.8516
29091	95.8805
29101	95.9038
29111	95.923
29121	95.9459
29131	95.9747
29141	96.012
29151	96.0546
29161	96.0949
29171	96.1364
29181	96.1777
29191	96.2064
29201	96.2311
29211	96.2536
29221	96.2667
29231	96.2788
29241	96.2891
29251	96.3015
29261	96.3182
29271	96.3351
29281	96.3668
29291	96.3969
29301	96.4254
29311	96.4463
29321	96.4657
29331	96.4792
29341	96.4887
29351	96.506
29361	96.5196
29371	96.5327
29381	96.5466
29391	96.5568
29401	96.5736
29411	96.5829
29421	96.6033
29431	96.618
29441	96.6357
29451	96.6486
29461	96.6595
29471	96.6795
29481	96.7014
29491	96.7188
29501	96.737
29511	96.7562
29521	96.7706
29531	96.7814
29541	96.7937
29551	96.7999
29561	96.807
29571	96.812
29581	96.8172
29591	96.8277
29601	96.8427
29611	96.8497
29621	96.8685
29631	96.8854
29641	96.891
29651	96.8999
29661	96.9056
29671	96.9109
29681	96.9258
29691	96.9505
29701	96.9725
29711	97.004
29721	97.0353
29731	97.0581
29741	97.0829
29751	97.112
29761	97.1413
29771	97.1866
29781	97.237
29791	97.2746
29801	97.3133
29811	97.34
29821	97.3665
29831	97.3875
29841	97.4029
29851	97.432
29861	97.4623
29871	97.4766
29881	97.4993
29891	97.5202
29901	97.5341
29911	97.5463
29921	97.5622
29931	97.5719
29941	97.5973
29951	97.6189
29961	97.6438
29971	97.6668
29981	97.6887
29991	97.7027
30001	97.7152
30011	97.734
30021	97.7471
30031	97.7639
30041	97.7852
30051	97.8083
30061	97.8277
30071	97.849
30081	97.8672
30091	97.8894
30101	97.9177
30111	97.9289
30121	97.9464
30131	97.9639
30141	97.9768
30151	97.9862
30161	97.9929
30171	98.0002
30181	98.0145
30191	98.0234
30201	98.0313
30211	98.0414
30221	98.0526
30231	98.0588
30241	98.0681
30251	98.0743
30261	98.0792
30271	98.0819
30281	98.0852
30291	98.0919
30301	98.1004
30311	98.1065
30321	98.1113
30331	98.1217
30341	98.1419
30351	98.1635
30361	98.1822
30371	98.1961
30381	98.211
30391	98.2214
30401	98.2381
30411	98.2481
30421	98.2669
30431	98.2811
30441	98.3056
30451	98.3383
30461	98.3661
30471	98.3911
30481	98.4236
30491	98.4577
30501	98.4832
30511	98.5075
30521	98.5251
30531	98.5467
30541	98.5612
30551	98.5745
30561	98.6008
30571	98.6299
30581	98.6538
30591	98.6813
30601	98.7092
30611	98.7382
30621	98.7667
30631	98.787
30641	98.8004
30651	98.8162
30661	98.8248
30671	98.8331
30681	98.8391
30691	98.8539
30701	98.8748
30711	98.8972
30721	98.9117
30731	98.9284
30741	98.9411
30751	98.9516
30761	98.9619
30771	98.9701
30781	98.9752
30791	98.9788
30801	98.9862
30811	98.9944
30821	99.0011
30831	99.0062
30841	99.0121
30851	99.0158
30861	99.0198
30871	99.0282
30881	99.0329
30891	99.0407
30901	99.0452
30911	99.0562
30921	99.0941
30931	99.1302
30941	99.1839
30951	99.2229
30961	99.2587
30971	99.3048
30981	99.3387
30991	99.3736
31001	99.4042
31011	99.432
31021	99.4566
31031	99.4849
31041	99.5225
31051	99.557
31061	99.5837
31071	99.6041
31081	99.6226
31091	99.6373
31101	99.652
31111	99.6666
31121	99.6811
31131	99.689
31141	99.6986
31151	99.7174
31161	99.7327
31171	99.7477
31181	99.7565
31191	99.7677
31201	99.778
31211	99.7895
31221	99.7993
31231	99.8047
31241	99.8167
31251	99.8337
31261	99.8477
31271	99.8701
31281	99.8954
31291	99.9254
31301	99.9466
31311	99.9704
31321	99.9885
31331	100.008
31341	100.027
31351	100.039
31361	100.051
31371	100.059
31381	100.069
31391	100.078
31401	100.087
31411	100.103
31421	100.111
31431	100.122
31441	100.137
31451	100.151
31461	100.159
31471	100.167
31481	100.182
31491	100.192
31501	100.198
31511	100.208
31521	100.221
31531	100.235
31541	100.251
31551	100.281
31561	100.306
31571	100.333
31581	100.375
31591	100.406
31601	100.44
31611	100.463
31621	100.492
31631	100.526
31641	100.559
31651	100.593
31661	100.621
31671	100.644
31681	100.66
31691	100.673
31701	100.685
31711	100.694
31721	100.702
31731	100.714
31741	100.73
31751	100.742
31761	100.766
31771	100.784
31781	100.8
31791	100.813
31801	100.825
31811	100.834
31821	100.843
31831	100.851
31841	100.86
31851	100.872
31861	100.882
31871	100.889
31881	100.898
31891	100.91
31901	100.921
31911	100.929
31921	100.935
31931	100.942
31941	100.948
31951	100.952
31961	100.954
31971	100.956
31981	100.958
31991	100.96
32001	100.961
32011	100.962
32021	100.97
32031	100.98
32041	100.994
32051	101.012
32061	101.047
32071	101.075
32081	101.101
32091	101.12
32101	101.138
32111	101.155
32121	101.174
32131	101.186
32141	101.203
32151	101.222
32161	101.242
32171	101.258
32181	101.274
32191	101.286
32201	101.3
32211	101.312
32221	101.329
32231	101.347
32241	101.37
32251	101.383
32261	101.409
32271	101.423
32281	101.438
32291	101.449
32301	101.464
32311	101.484
32321	101.506
32331	101.524
32341	101.551
32351	101.571
32361	101.592
32371	101.608
32381	101.627
32391	101.639
32401	101.652
32411	101.66
32421	101.672
32431	101.687
32441	101.701
32451	101.713
32461	101.72
32471	101.731
32481	101.745
32491	101.752
32501	101.763
32511	101.768
32521	101.775
32531	101.778
32541	101.781
32551	101.784
32561	101.791
32571	101.797
32581	101.807
32591	101.815
32601	101.823
32611	101.832
32621	101.847
32631	101.857
32641	101.869
32651	101.882
32661	101.896
32671	101.908
32681	101.922
32691	101.934
32701	101.945
32711	101.953
32721	101.965
32731	101.982
32741	101.999
32751	102.021
32761	102.042
32771	102.074
32781	102.093
32791	102.112
32801	102.146
32811	102.168
32821	102.19
32831	102.205
32841	102.216
32851	102.225
32861	102.239
32871	102.257
32881	102.282
32891	102.314
32901	102.342
32911	102.363
32921	102.385
32931	102.402
32941	102.429
32951	102.457
32961	102.48
32971	102.497
32981	102.515
32991	102.532
33001	102.549
33011	102.572
33021	102.599
33031	102.619
33041	102.633
33051	102.644
33061	102.656
33071	102.663
33081	102.669
33091	102.675
33101	102.68
33111	102.683
33121	102.689
33131	102.696
33141	102.701
33151	102.706
33161	102.71
33171	102.714
33181	102.717
33191	102.719
33201	102.727
33211	102.735
33221	102.741
33231	102.745
33241	102.75
33251	102.752
33261	102.754
33271	102.757
33281	102.76
33291	102.761
33301	102.764
33311	102.773
33321	102.785
33331	102.791
33341	102.799
33351	102.81
33361	102.818
33371	102.838
33381	102.855
33391	102.872
33401	102.894
33411	102.906
33421	102.925
33431	102.943
33441	102.971
33451	103.001
33461	103.028
33471	103.049
33481	103.065
33491	103.081
33501	103.09
33511	103.107
33521	103.115
33531	103.126
33541	103.135
33551	103.15
33561	103.166
33571	103.177
33581	103.191
33591	103.204
33601	103.217
33611	103.232
33621	103.248
33631	103.265
33641	103.276
33651	103.286
33661	103.297
33671	103.307
33681	103.319
33691	103.334
33701	103.347
33711	103.365
33721	103.382
33731	103.392
33741	103.405
33751	103.418
33761	103.427
33771	103.435
33781	103.44
33791	103.445
33801	103.449
33811	103.456
33821	103.464
33831	103.471
33841	103.482
33851	103.493
33861	103.51
33871	103.523
33881	103.536
33891	103.547
33901	103.564
33911	103.575
33921	103.596
33931	103.617
33941	103.634
33951	103.65
33961	103.664
33971	103.677
33981	103.691
33991	103.704
34001	103.717
34011	103.731
34021	103.745
34031	103.755
34041	103.771
34051	103.778
34061	103.792
34071	103.81
34081	103.826
34091	103.84
34101	103.849
34111	103.857
34121	103.863
34131	103.871
34141	103.881
34151	103.891
34161	103.911
34171	103.925
34181	103.947
34191	103.969
34201	104
34211	104.031
34221	104.055
34231	104.072
34241	104.091
34251	104.105
34261	104.117
34271	104.127
34281	104.136
34291	104.141
34301	104.146
34311	104.149
34321	104.151
34331	104.153
34341	104.155
34351	104.157
34361	104.158
34371	104.159
34381	104.16
34391	104.162
34401	104.162
34411	104.169
34421	104.172
34431	104.177
34441	104.181
34451	104.185
34461	104.187
34471	104.194
34481	104.209
34491	104.22
34501	104.226
34511	104.234
34521	104.246
34531	104.256
34541	104.263
34551	104.277
34561	104.289
34571	104.3
34581	104.313
34591	104.322
34601	104.329
34611	104.336
34621	104.354
34631	104.367
34641	104.388
34651	104.4
34661	104.411
34671	104.424
34681	104.43
34691	104.436
34701	104.443
34711	104.455
34721	104.464
34731	104.475
34741	104.49
34751	104.502
34761	104.521
34771	104.542
34781	104.559
34791	104.576
34801	104.589
34811	104.595
34821	104.61
34831	104.621
34841	104.631
34851	104.642
34861	104.651
34871	104.66
34881	104.668
34891	104.673
34901	104.682
34911	104.693
34921	104.702
34931	104.715
34941	104.722
34951	104.731
34961	104.738
34971	104.743
34981	104.748
34991	104.756
35001	104.761
35011	104.768
35021	104.774
35031	104.778
35041	104.782
35051	104.786
35061	104.788
35071	104.795
35081	104.8
35091	104.807
35101	104.816
35111	104.825
35121	104.835
35131	104.853
35141	104.868
35151	104.877
35161	104.887
35171	104.896
35181	104.915
35191	104.934
35201	104.958
35211	104.979
35221	104.993
35231	105.006
35241	105.017
35251	105.027
35261	105.035
35271	105.039
35281	105.044
35291	105.048
35301	105.052
35311	105.062
35321	105.071
35331	105.074
35341	105.079
35351	105.084
35361	105.086
35371	105.094
35381	105.101
35391	105.107
35401	105.121
35411	105.133
35421	105.146
35431	105.163
35441	105.183
35451	105.194
35461	105.207
35471	105.217
35481	105.227
35491	105.237
35501	105.246
35511	105.266
35521	105.286
35531	105.291
35541	105.3
35551	105.314
35561	105.324
35571	105.333
35581	105.338
35591	105.344
35601	105.348
35611	105.352
35621	105.355
35631	105.357
35641	105.359
35651	105.36
35661	105.361
35671	105.362
35681	105.363
35691	105.363
35701	105.364
35711	105.364
35721	105.364
35731	105.365
35741	105.373
35751	105.383
35761	105.392
35771	105.4
35781	105.405
35791	105.415
35801	105.424
35811	105.429
35821	105.438
35831	105.448
35841	105.467
35851	105.485
35861	105.499
35871	105.512
35881	105.523
35891	105.529
35901	105.54
35911	105.548
35921	105.559
35931	105.575
35941	105.592
35951	105.604
35961	105.618
35971	105.638
35981	105.655
35991	105.674
36001	105.691
36011	105.705
36021	105.714
36031	105.729
36041	105.743
36051	105.761
36061	105.773
36071	105.784
36081	105.796
36091	105.808
36101	105.821
36111	105.833
36121	105.838
36131	105.842
36141	105.845
36151	105.848
36161	105.852
36171	105.854
36181	105.856
36191	105.857
36201	105.858
36211	105.86
36221	105.861
36231	105.862
36241	105.862
36251	105.863
36261	105.863
36271	105.864
36281	105.87
36291	105.875
36301	105.885
36311	105.899
36321	105.915
36331	105.936
36341	105.949
36351	105.966
36361	105.98
36371	105.989
36381	105.995
36391	106.004
36401	106.01
36411	106.014
36421	106.018
36431	106.024
36441	106.031
36451	106.037
36461	106.043
36471	106.047
36481	106.051
36491	106.055
36501	106.059
36511	106.06
36521	106.061
36531	106.062
36541	106.063
36551	106.07
36561	106.076
36571	106.079
36581	106.087
36591	106.095
36601	106.106
36611	106.118
36621	106.129
36631	106.133
36641	106.142
36651	106.152
36661	106.158
36671	106.164
36681	106.171
36691	106.175
36701	106.179
36711	106.184
36721	106.186
36731	106.189
36741	106.189
36751	106.19
36761	106.191
36771	106.192
36781	106.192
36791	106.197
36801	106.202
36811	106.206
36821	106.21
36831	106.213
36841	106.217
36851	106.223
36861	106.231
36871	106.239
36881	106.242
36891	106.246
36901	106.249
36911	106.258
36921	106.264
36931	106.27
36941	106.274
36951	106.278
36961	106.282
36971	106.285
36981	106.287
36991	106.289
37001	106.291
37011	106.293
37021	106.295
37031	106.296
37041	106.296
37051	106.3
37061	106.305
37071	106.308
37081	106.317
37091	106.326
37101	106.331
37111	106.348
37121	106.364
37131	106.375
37141	106.387
37151	106.396
37161	106.401
37171	106.408
37181	106.419
37191	106.428
37201	106.433
37211	106.44
37221	106.443
37231	106.446
37241	106.45
37251	106.453
37261	106.455
37271	106.458
37281	106.459
37291	106.461
37301	106.462
37311	106.462
37321	106.463
37331	106.464
37341	106.464
37351	106.464
37361	106.465
37371	106.465
37381	106.465
37391	106.47
37401	106.477
37411	106.48
37421	106.485
37431	106.487
37441	106.489
37451	106.499
37461	106.504
37471	106.51
37481	106.516
37491	106.519
37501	106.52
37511	106.522
37521	106.532
37531	106.535
37541	106.541
37551	106.546
37561	106.551
37571	106.552
37581	106.56
37591	106.566
37601	106.573
37611	106.578
37621	106.582
37631	106.584
37641	106.588
37651	106.59
37661	106.591
37671	106.593
37681	106.595
37691	106.596
37701	106.596
37711	106.596
37721	106.597
37731	106.597
37741	106.598
37751	106.598
37761	106.598
37771	106.599
37781	106.599
37791	106.599
37801	106.599
37811	106.599
37821	106.599
37831	106.599
37841	106.599
37851	106.599
37861	106.599
37871	106.599
37881	106.599
37891	106.599
37901	106.6
37911	106.6
37921	106.6
37931	106.6
37941	106.6
37951	106.6
37961	106.6
37971	106.6
37981	106.6
37991	106.6
38001	106.6
38011	106.604
38021	106.61
38031	106.615
38041	106.618
38051	106.62
38061	106.625
38071	106.629
38081	106.636
38091	106.642
38101	106.646
38111	106.649
38121	106.66
38131	106.665
38141	106.674
38151	106.682
38161	106.688
38171	106.696
38181	106.702
38191	106.707
38201	106.711
38211	106.717
38221	106.719
38231	106.721
38241	106.724
38251	106.726
38261	106.727
38271	106.73
38281	106.737
38291	106.74
38301	106.745
38311	106.747
38321	106.751
38331	106.754
38341	106.755
38351	106.758
38361	106.759
38371	106.76
38381	106.761
38391	106.762
38401	106.763
38411	106.763
38421	106.764
38431	106.764
38441	106.764
38451	106.764
38461	106.765
38471	106.765
38481	106.765
38491	106.765
38501	106.766
38511	106.766
38521	106.766
38531	106.766
38541	106.766
38551	106.766
38561	106.766
38571	106.766
38581	106.766
38591	106.766
38601	106.766
38611	106.766
38621	106.766
38631	106.766
38641	106.766
38651	106.766
38661	106.766
38671	106.766
38681	106.766
38691	106.766
38701	106.766
38711	106.766
38721	106.766
38731	106.766
38741	106.766
38751	106.766
38761	106.766
38771	106.766
38781	106.766
38791	106.766
38801	106.766
38811	106.766
38821	106.766
38831	106.766
38841	106.766
38851	106.766
38861	106.766
38871	106.766
38881	106.766
38891	106.766
38901	106.766
38911	106.766
38921	106.766
38931	106.766
38941	106.766
38951	106.766
38961	106.766
38971	106.766
38981	106.766
38991	106.766
39001	106.766
39011	106.766
39021	106.766
39031	106.766
39041	106.766
39051	106.766
39061	106.766
39071	106.766
39081	106.766
39091	106.766
39101	106.766
39111	106.766
39121	106.766
39131	106.766
39141	106.766
39151	106.766
39161	106.766
39171	106.766
39181	106.766
39191	106.766
39201	106.766
39211	106.766
39221	106.766
39231	106.766
39241	106.766
39251	106.766
39261	106.766
39271	106.766
39281	106.766
39291	106.766
39301	106.766
39311	106.766
39321	106.766
39331	106.766
39341	106.766
39351	106.766
39361	106.766
39371	106.766
39381	106.766
39391	106.766
39401	106.766
39411	106.766
39421	106.766
39431	106.773
39441	106.777
39451	106.779
39461	106.784
39471	106.787
39481	106.789
39491	106.791
39501	106.792
39511	106.795
39521	106.796
39531	106.797
39541	106.798
39551	106.798
39561	106.799
39571	106.799
39581	106.799
39591	106.799
39601	106.799
39611	106.799
39621	106.799
39631	106.799
39641	106.8
39651	106.8
39661	106.8
39671	106.8
39681	106.8
39691	106.8
39701	106.8
39711	106.8
39721	106.8
39731	106.8
39741	106.8
39751	106.8
39761	106.804
39771	106.807
39781	106.81
39791	106.816
39801	106.819
39811	106.822
39821	106.824
39831	106.827
39841	106.827
39851	106.828
39861	106.828
39871	106.829
39881	106.83
39891	106.83
39901	106.83
39911	106.831
39921	106.798
39931	106.799
39941	106.799
39951	106.799
39961	106.799
39971	106.799
39981	106.799
39991	106.799
40001	106.799
40011	106.803
40021	106.807
40031	106.813
40041	106.816
40051	106.819
40061	106.822
40071	106.824
40081	106.825
40091	106.828
40101	106.828
40111	106.833
40121	106.839
40131	106.844
40141	106.847
40151	106.851
40161	106.859
40171	106.866
40181	106.872
40191	106.878
40201	106.883
40211	106.886
40221	106.889
40231	106.89
40241	106.892
40251	106.893
40261	106.894
40271	106.895
40281	106.896
40291	106.896
40301	106.897
40311	106.898
40321	106.898
40331	106.898
40341	106.902
40351	106.906
40361	106.91
40371	106.915
40381	106.918
40391	106.921
40401	106.922
40411	106.925
40421	106.926
40431	106.927
40441	106.928
40451	106.928
40461	106.93
40471	106.93
40481	106.93
40491	106.931
40501	106.931
40511	106.932
40521	106.932
40531	106.932
40541	106.933
40551	106.933
40561	106.933
40571	106.933
40581	106.933
40591	106.933
40601	106.933
40611	106.933
40621	106.933
40631	106.933
40641	106.933
40651	106.933
40661	106.933
40671	106.933
40681	106.933
40691	106.933
40701	106.933
40711	106.933
40721	106.933
40731	106.933
40741	106.933
40751	106.933
40761	106.933
40771	106.933
40781	106.933
40791	106.933
40801	106.933
40811	106.933
40821	106.933
40831	106.933
40841	106.933
40851	106.933
40861	106.933
40871	106.933
40881	106.933
40891	106.933
40901	106.933
40911	106.933
40921	106.933
40931	106.933
40941	106.933
40951	106.933
40961	106.933
40971	106.933
40981	106.933
40991	106.933
41001	106.933
41011	106.933
41021	106.933
41031	106.933
41041	106.933
41051	106.933
41061	106.933
41071	106.933
41081	106.933
41091	106.933
41101	106.933
41111	106.933
41121	106.933
41131	106.933
41141	106.933
41151	106.933
41161	106.933
41171	106.933
41181	106.933
41191	106.933
41201	106.933
41211	106.933
41221	106.933
41231	106.933
41241	106.933
41251	106.933
41261	106.933
41271	106.933
41281	106.933
41291	106.933
41301	106.933
41311	106.933
41321	106.933
41331	106.933
41341	106.933
41351	106.933
41361	106.933
41371	106.933
41381	106.933
41391	106.933
41401	106.933
41411	106.933
41421	106.933
41431	106.933
41441	106.933
41451	106.933
41461	106.933
41471	106.933
41481	106.933
41491	106.933
41501	106.933
41511	106.933
41521	106.933
41531	106.933
41541	106.933
41551	106.933
41561	106.933
41571	106.933
41581	106.933
41591	106.933
41601	106.933
41611	106.933
41621	106.933
41631	106.933
41641	106.933
41651	106.933
41661	106.933
41671	106.933
41681	106.933
41691	106.933
41701	106.933
41711	106.933
41721	106.933
41731	106.933
41741	106.933
41751	106.933
41761	106.933
41771	106.933
41781	106.933
41791	106.933
41801	106.933
41811	106.933
41821	106.933
41831	106.933
41841	106.933
41851	106.933
41861	106.933
41871	106.933
41881	106.933
41891	106.933
41901	106.933
41911	106.933
41921	106.933
41931	106.933
41941	106.933
41951	106.933
41961	106.933
41971	106.933
41981	106.933
41991	106.933
42001	106.933
42011	106.933
42021	106.933
42031	106.933
42041	106.933
42051	106.933
42061	106.933
42071	106.933
42081	106.933
42091	106.933
42101	106.933
42111	106.933
42121	106.933
42131	106.933
42141	106.933
42151	106.933
42161	106.933
42171	106.933
42181	106.933
42191	106.933
42201	106.933
42211	106.933
42221	106.933
42231	106.933
42241	106.933
42251	106.933
42261	106.933
42271	106.933
42281	106.933
42291	106.933
42301	106.933
42311	106.933
42321	106.933
42331	106.933
42341	106.933
42351	106.933
42361	106.933
42371	106.933
42381	106.939
42391	106.944
42401	106.95
42411	106.953
42421	106.955
42431	106.957
42441	106.958
42451	106.96
42461	106.961
42471	106.962
42481	106.962
42491	106.964
42501	106.964
42511	106.965
42521	106.965
42531	106.965
42541	106.965
42551	106.966
42561	106.966
42571	106.966
42581	106.966
42591	106.966
42601	106.966
42611	106.966
42621	106.966
42631	106.966
42641	106.966
42651	106.966
42661	106.966
42671	106.966
42681	106.966
42691	106.966
42701	106.966
42711	106.966
42721	106.966
42731	106.966
42741	106.966
42751	106.966
42761	106.966
42771	106.966
42781	106.966
42791	106.966
42801	106.966
42811	106.966
42821	106.966
42831	106.966
42841	106.966
42851	106.966
42861	106.966
42871	106.966
42881	106.967
42891	106.967
42901	106.967
42911	106.967
42921	106.967
42931	106.967
42941	106.967
42951	106.967
42961	106.967
42971	106.967
42981	106.967
42991	106.967
43001	106.967
43011	106.967
43021	106.967
43031	106.967
43041	106.967
43051	106.967
43061	106.967
43071	106.967
43081	106.967
43091	106.967
43101	106.967
43111	106.967
43121	106.967
43131	106.967
43141	106.967
43151	106.967
43161	106.967
43171	106.967
43181	106.967
43191	106.967
43201	106.967
43211	106.967
43221	106.967
43231	106.967
43241	106.967
43251	106.967
43261	106.967
43271	106.967
43281	106.967
43291	106.967
43301	106.967
43311	106.967
43321	106.967
43331	106.967
43341	106.967
43351	106.967
43361	106.967
43371	106.967
43381	106.967
43391	106.967
43401	106.967
43411	106.967
43421	106.967
43431	106.967
43441	106.967
43451	106.967
43461	106.967
43471	106.967
43481	106.967
43491	106.967
43501	106.967
43511	106.967
43521	106.967
43531	106.967
43541	106.967
43551	106.967
43561	106.967
43571	106.967
43581	106.967
43591	106.967
43601	106.967
43611	106.967
43621	106.967
43631	106.967
43641	106.967
43651	106.967
43661	106.967
43671	106.967
43681	106.967
43691	106.967
43701	106.967
43711	106.967
43721	106.967
43731	106.967
43741	106.967
43751	106.967
43761	106.967
43771	106.967
43781	106.967
43791	106.967
43801	106.967
43811	106.967
43821	106.967
43831	106.967
43841	106.967
43851	106.967
43861	106.967
43871	106.967
43881	106.967
43891	106.967
43901	106.967
43911	106.967
43921	106.967
43931	106.967
43941	106.967
43951	106.967
43961	106.967
43971	106.967
43981	106.967
43991	106.967
44001	106.967
44011	106.967
44021	106.967
44031	106.967
44041	106.967
44051	106.967
44061	106.967
44071	106.967
44081	106.967
44091	106.967
44101	106.967
44111	106.967
44121	106.967
44131	106.967
44141	106.967
44151	106.967
44161	106.967
44171	106.967
44181	106.967
44191	106.967
44201	106.967
44211	106.967
44221	106.967
44231	106.967
44241	106.967
44251	106.967
44261	106.967
44271	106.967
44281	106.967
44291	106.967
44301	106.967
44311	106.967
44321	106.967
44331	106.967
44341	106.967
44351	106.967
44361	106.967
44371	106.967
44381	106.967
44391	106.967
44401	106.967
44411	106.967
44421	106.967
44431	106.967
44441	106.967
44451	106.967
44461	106.967
44471	106.967
44481	106.967
44491	106.967
44501	106.967
44511	106.967
44521	106.967
44531	106.967
44541	106.967
44551	106.967
44561	106.967
44571	106.967
44581	106.967
44591	106.967
44601	106.967
44611	106.967
44621	106.967
44631	106.967
44641	106.967
44651	106.967
44661	106.967
44671	106.967
44681	106.967
44691	106.967
44701	106.967
44711	106.967
44721	106.967
44731	106.967
44741	106.967
44751	106.967
44761	106.967
44771	106.967
44781	106.967
44791	106.967
44801	106.967
44811	106.967
44821	106.967
44831	106.967
44841	106.967
44851	106.967
44861	106.967
44871	106.967
44881	106.967
44891	106.967
44901	106.967
44911	106.967
44921	106.967
44931	106.967
44941	106.967
44951	106.967
44961	106.967
44971	106.967
44981	106.967
44991	106.967
45001	106.967
