17
30
43
56
69
77
86
94
101
104
106
17
32
45
57
69
80
89
95
101
104
106
106
17
31
44
57
68
79
87
97
104
106
17
31
44
58
70
80
89
97
101
106
17
31
45
57
69
80
89
97
102
106
17
29
42
54
66
76
85
92
98
105
106
16
30
43
54
66
76
86
94
99
103
105
106
17
30
43
56
68
79
89
96
102
106
106
106
16
30
42
56
68
78
87
93
99
103
105
17
32
45
58
70
79
87
96
104
106
106
16
29
42
55
68
79
86
95
99
104
17
31
44
57
68
78
87
95
99
104
17
32
45
58
70
80
89
96
103
104
105
17
31
44
55
67
78
86
93
101
105
106
106
15
28
41
54
67
77
85
93
100
105
106
17
30
42
56
69
79
87
94
101
104
106
106
17
31
43
57
69
79
89
97
102
105
106
106
16
31
44
55
67
77
85
93
99
104
106
106
17
30
43
55
67
77
86
94
102
105
106
106
16
30
43
56
67
77
86
95
101
104
105
106
15
31
44
58
68
78
86
94
100
106
106
106
17
31
45
57
68
78
86
94
99
105
105
106
17
31
44
58
69
79
87
97
102
106
17
31
45
57
68
79
86
95
101
105
106
15
29
42
55
66
74
85
94
101
105
105
16
30
45
56
67
79
88
96
102
106
16
30
43
56
67
78
86
93
100
105
106
16
30
43
55
68
78
88
95
101
105
106
17
32
44
56
68
79
89
97
103
105
106
17
30
43
55
67
77
85
92
98
105
106
106
