13
23
30
36
41
11
21
29
37
41
12
21
29
35
41
13
22
30
36
41
13
22
29
35
40
12
22
29
36
42
11
21
29
36
42
43
12
20
28
36
41
12
22
30
37
43
13
22
29
38
43
12
21
29
36
42
12
22
31
37
42
12
21
31
37
43
13
22
29
36
41
12
22
30
36
42
12
21
29
36
42
43
12
22
29
38
43
43
14
22
31
38
43
43
43
11
21
30
37
43
11
20
28
36
42
43
13
22
30
37
43
13
23
30
37
42
43
13
22
29
36
41
13
22
31
37
42
12
21
29
37
42
12
22
29
35
41
13
21
30
37
42
11
19
28
34
40
13
22
31
38
13
23
31
38
16
29
44
54
63
67
17
31
45
56
63
67
17
31
43
53
63
66
17
31
43
53
61
66
16
29
42
53
61
66
67
17
30
43
54
64
66
15
30
43
55
63
17
30
42
53
61
67
67
17
30
43
54
62
67
17
31
43
53
60
65
67
67
17
30
43
54
65
16
31
43
54
63
67
67
17
31
45
55
64
66
67
17
31
43
54
61
67
67
67
17
31
44
55
63
67
17
29
41
52
62
67
16
29
43
53
62
67
17
32
44
55
63
66
67
67
15
29
41
53
63
67
16
30
43
55
62
67
67
16
30
41
51
61
67
17
31
42
53
62
67
17
30
42
53
61
65
67
67
17
31
43
55
64
67
18
31
43
53
63
67
16
30
42
53
63
67
67
16
28
40
52
60
67
67
67
16
29
42
53
60
66
67
17
32
44
54
62
67
17
30
44
55
64
67
12
21
30
35
12
21
29
36
13
23
31
38
12
21
29
36
13
21
30
36
12
22
30
37
12
22
30
37
11
22
31
37
13
21
29
36
12
21
31
36
12
21
30
37
12
22
29
37
12
22
29
36
12
20
29
36
11
21
29
35
14
23
30
37
39
11
20
28
37
12
22
30
37
12
21
30
36
12
21
29
36
12
22
30
37
12
22
30
38
12
21
31
38
11
21
31
38
13
22
31
37
12
21
28
36
11
20
29
37
12
22
30
38
13
21
30
36
11
22
30
38
17
32
43
52
61
68
69
69
17
31
43
54
64
69
16
30
41
52
62
66
69
15
29
41
52
59
67
16
30
41
50
59
66
17
30
40
51
60
67
18
31
44
55
63
68
15
28
42
54
62
68
17
31
43
53
62
68
17
28
42
53
61
67
17
31
43
54
62
67
68
17
30
42
51
59
65
68
68
16
30
41
52
61
68
69
16
30
43
54
62
68
16
31
42
52
60
67
69
15
28
41
50
60
67
15
28
40
50
59
66
69
17
30
41
52
60
66
69
16
29
40
50
59
65
69
15
28
42
51
60
67
69
69
16
30
44
54
62
68
69
17
30
42
53
62
68
16
29
42
53
62
68
16
28
40
51
58
65
69
16
29
41
52
60
66
16
30
43
55
62
68
69
17
31
43
54
61
67
69
18
31
42
53
61
68
16
29
41
53
62
67
16
30
42
53
62
67
