30
57
79
98
112
116
32
58
83
102
114
116
116
30
56
78
96
112
115
115
116
31
58
82
100
114
33
59
81
97
111
29
53
75
96
109
116
31
56
78
96
110
30
57
82
99
110
116
32
58
81
100
110
116
30
56
76
94
110
28
55
77
97
111
32
56
79
97
113
115
31
56
79
97
112
116
116
30
55
77
95
108
116
30
57
80
99
113
116
116
30
58
82
98
113
116
116
116
31
57
80
98
114
116
30
57
80
97
109
29
55
78
98
112
29
55
78
99
115
30
56
79
98
110
116
32
58
82
100
111
115
116
116
31
56
79
96
109
116
32
58
79
100
111
116
31
57
80
98
111
115
30
56
79
96
112
116
31
57
81
98
112
30
54
77
96
108
27
52
76
98
112
115
116
31
57
76
98
112
41
76
108
134
152
167
177
180
42
77
109
136
156
168
175
181
42
77
109
133
154
167
177
181
41
75
104
130
151
168
177
181
40
74
106
134
155
168
177
183
39
76
108
131
148
163
174
179
41
74
108
136
155
166
177
182
41
76
107
134
152
167
175
182
40
74
108
133
152
166
176
181
41
77
109
135
156
167
174
181
40
77
106
129
150
165
174
179
42
76
105
131
152
166
176
180
40
76
107
133
152
167
175
180
40
76
107
131
153
168
177
180
43
76
106
131
150
165
174
181
43
79
107
133
152
164
175
182
37
72
105
131
151
163
173
179
37
74
105
130
152
167
177
180
39
73
106
134
155
167
178
183
38
73
104
133
150
165
174
178
39
73
107
134
152
166
176
182
41
75
106
130
151
165
174
180
38
73
104
131
153
166
174
181
39
74
104
133
153
166
175
180
40
73
104
129
150
165
175
180
42
76
108
133
152
167
175
180
38
74
104
131
152
166
173
179
40
74
104
130
152
163
174
179
39
74
104
130
149
163
174
177
41
77
105
133
155
170
177
181
39
76
106
133
157
174
177
178
38
73
106
132
153
171
177
41
76
106
132
151
170
177
40
75
108
135
160
172
177
178
40
77
109
136
159
172
176
39
76
109
138
158
172
177
40
76
108
134
155
172
178
42
79
110
137
156
171
177
178
40
78
110
136
158
171
178
40
76
108
137
158
175
178
41
75
109
136
159
173
176
178
40
76
111
139
161
175
42
78
111
139
158
174
177
178
40
76
107
134
155
172
176
178
40
75
106
135
158
175
41
76
110
137
158
174
177
178
41
77
107
135
158
174
40
75
106
134
156
169
177
178
42
77
108
136
157
175
39
76
107
135
157
174
178
178
42
78
108
136
157
170
178
178
40
76
108
136
156
172
40
75
106
133
155
171
178
178
40
76
108
134
157
171
177
178
42
77
108
135
155
172
178
178
39
76
111
137
158
173
177
178
41
76
107
135
158
174
178
40
77
111
137
157
173
177
178
42
78
110
138
158
173
176
177
40
76
106
136
155
173
178
178
41
75
108
136
157
38
72
104
130
152
36
69
101
130
152
157
39
73
106
133
155
40
74
107
133
156
37
72
103
133
155
38
70
101
128
151
38
72
105
133
156
38
71
103
128
151
157
157
38
71
103
130
153
39
74
105
131
153
38
74
104
131
155
39
72
102
129
153
39
75
106
133
154
38
70
103
130
153
157
40
72
105
131
154
38
70
101
129
153
41
75
106
134
156
40
73
104
133
154
38
74
105
132
155
157
41
74
103
133
155
38
73
105
132
156
39
72
105
132
154
157
39
74
105
135
157
38
72
103
131
153
157
38
74
106
134
155
38
72
102
132
154
157
40
73
106
133
154
38
74
106
134
39
73
105
133
157
42
79
109
138
162
182
198
209
41
77
111
142
165
183
196
206
39
74
107
139
163
182
197
207
41
76
112
141
166
183
196
207
42
78
111
141
164
183
197
204
42
80
112
142
165
185
198
209
42
78
111
142
164
185
198
208
41
80
113
143
166
183
198
206
41
79
111
141
163
184
196
208
43
81
114
144
169
188
198
209
41
79
113
142
165
185
199
206
42
78
113
144
168
185
199
208
41
80
113
141
167
184
198
208
42
81
114
143
168
187
199
207
41
77
111
139
163
182
195
205
42
78
113
140
163
184
199
210
42
76
110
142
169
185
198
206
43
80
114
142
166
183
198
205
42
78
112
143
164
182
195
205
42
80
113
142
167
183
196
207
42
79
113
141
165
186
199
209
41
79
111
140
164
182
194
204
43
83
116
145
167
187
198
208
41
80
114
144
165
184
197
206
42
80
114
143
166
185
201
206
42
79
113
141
167
186
199
208
41
78
113
142
168
184
198
207
41
79
114
143
167
184
199
208
43
79
113
142
166
185
200
209
41
79
112
142
165
184
199
209
41
77
108
135
157
174
185
191
40
77
109
137
157
172
185
191
41
77
110
139
158
176
185
192
41
75
108
137
160
174
184
193
40
75
106
133
156
172
185
190
41
74
108
135
157
172
184
193
40
76
108
134
156
174
185
191
39
74
105
134
158
172
185
191
40
77
111
138
159
175
185
192
41
77
110
136
159
175
184
192
40
78
111
140
162
176
187
193
42
78
111
136
157
175
186
193
39
74
106
134
157
174
187
194
42
78
109
136
158
174
183
191
42
76
107
134
157
176
186
190
39
73
107
136
159
178
185
191
41
77
107
134
156
172
180
188
38
74
108
132
156
172
185
190
42
78
110
136
157
172
182
191
39
74
105
133
156
173
183
192
41
74
107
135
158
172
182
192
39
77
109
134
156
173
183
188
40
74
107
135
157
174
185
190
40
73
106
135
157
174
184
192
38
76
108
134
158
175
187
191
42
76
110
136
158
174
186
193
40
73
108
134
154
169
184
188
41
80
112
139
159
176
185
192
42
76
107
135
158
172
185
189
40
76
107
138
158
174
186
192
41
77
111
138
159
175
181
41
79
112
139
159
174
40
75
108
137
160
174
180
181
40
74
104
132
156
173
181
181
40
75
107
136
159
172
180
40
76
109
137
159
176
180
181
41
77
109
135
158
175
180
180
39
74
108
134
157
173
40
77
108
138
160
175
41
76
107
133
153
173
181
40
75
106
135
158
174
180
39
75
107
135
156
174
179
181
37
73
105
132
154
172
180
181
38
74
106
134
157
174
179
181
42
75
109
137
160
177
179
43
79
111
140
160
41
75
109
137
161
173
173
41
77
111
137
161
172
41
75
109
138
161
173
173
39
74
106
135
155
170
173
173
42
79
112
136
157
171
41
78
110
137
161
173
40
78
109
135
158
172
43
79
112
139
160
173
41
77
108
134
157
171
41
77
108
136
160
171
41
78
108
136
160
171
42
75
109
138
159
170
171
173
41
77
109
138
159
172
41
75
108
139
160
172
39
76
109
139
155
172
175
180
39
74
108
136
156
171
180
181
40
74
107
133
153
167
176
178
40
77
109
138
157
172
177
180
41
78
111
138
162
178
182
182
40
78
113
142
161
173
181
40
77
110
137
156
171
178
181
41
77
110
139
157
171
178
181
42
77
108
132
152
172
180
182
41
77
110
136
156
170
175
177
39
75
106
136
157
169
179
181
42
78
111
138
159
174
180
182
40
78
111
135
155
170
180
182
44
79
109
138
159
171
179
182
41
78
109
134
153
170
176
182
40
77
110
136
159
172
178
179
41
77
111
141
161
174
180
43
78
110
139
160
175
40
77
110
136
158
175
180
43
81
111
138
160
173
43
77
111
139
161
172
180
40
76
108
137
160
173
180
41
77
109
136
155
170
178
180
43
77
108
137
156
172
179
40
75
105
132
155
170
180
42
80
113
139
161
175
180
40
76
111
135
157
173
177
41
78
106
134
156
171
180
41
80
111
140
161
174
179
180
40
73
108
135
155
173
179
39
73
105
132
154
169
183
187
39
75
106
135
155
170
179
183
40
76
107
134
155
170
180
185
39
76
110
136
156
170
178
186
40
76
109
137
159
175
186
42
77
109
136
156
173
183
187
40
75
107
135
158
176
185
188
42
77
109
138
159
174
184
186
38
74
106
135
156
170
180
188
41
75
105
132
153
170
180
185
40
76
108
134
158
174
178
39
75
109
139
160
174
177
42
76
108
138
161
175
39
74
106
134
158
173
178
38
75
108
137
157
172
177
40
77
109
136
158
176
177
41
77
108
134
157
174
176
178
40
75
106
136
157
174
178
41
76
109
137
160
173
176
178
39
76
108
134
157
172
40
75
108
135
155
172
177
177
39
75
107
134
157
171
178
178
42
79
113
140
161
176
178
41
77
106
135
156
171
177
41
76
110
137
157
171
178
42
76
107
137
159
173
177
43
81
112
138
157
173
178
43
80
112
138
161
176
177
41
78
111
138
160
177
178
178
40
74
108
138
159
175
40
76
110
137
157
172
175
178
41
78
111
138
157
173
40
76
107
133
157
173
175
178
39
75
109
137
158
171
177
178
42
79
111
138
159
174
177
178
40
76
110
137
161
174
177
178
38
75
107
133
157
173
177
178
40
75
108
136
156
173
40
76
108
137
158
172
177
177
41
74
108
134
156
173
177
178
40
74
106
135
157
171
178
42
76
107
135
158
171
179
39
77
111
138
156
170
178
37
73
105
133
155
167
177
179
40
75
106
134
156
171
178
179
40
78
111
138
158
172
178
179
39
76
109
134
153
168
178
179
41
76
108
137
157
171
177
37
73
107
136
156
168
179
41
77
109
137
157
171
179
40
76
108
135
155
167
177
179
40
76
109
136
158
171
178
178
39
75
106
135
156
173
179
43
79
110
136
154
169
177
179
40
75
106
134
156
172
178
40
76
108
133
152
168
178
40
73
105
133
154
171
177
43
78
108
135
157
171
179
41
75
107
132
153
170
178
40
75
107
133
154
170
178
40
76
107
131
154
166
177
179
41
75
105
134
154
168
177
41
76
108
136
157
170
179
41
77
109
136
159
173
179
39
74
106
133
154
168
178
40
77
107
136
157
172
178
40
75
106
134
153
171
179
41
76
109
136
157
172
179
39
75
108
137
157
174
179
42
79
111
138
158
175
178
42
76
108
137
154
42
78
110
139
153
41
77
110
138
41
75
106
134
152
154
41
79
110
137
153
39
74
107
134
153
154
41
74
108
134
153
39
75
108
136
154
43
78
110
138
40
77
113
138
39
76
110
137
154
40
77
109
138
153
42
76
108
136
39
76
108
135
154
41
76
106
134
153
40
74
107
136
152
154
154
42
77
109
138
154
41
77
107
132
152
42
77
109
138
154
42
75
107
136
152
38
73
105
132
154
38
75
109
136
153
41
77
110
137
42
77
108
136
154
39
76
109
138
154
40
76
109
137
151
154
40
77
110
137
41
76
110
135
154
154
40
76
108
135
41
76
109
137
153
