1	1.25904
11	1.64905
21	1.90021
31	1.97144
41	2.00767
51	2.11819
61	2.38427
71	2.71088
81	2.87845
91	2.94656
101	2.99799
111	3.1074
121	3.28837
131	3.55235
141	3.71043
151	3.79109
161	3.88687
171	3.97591
181	4.10976
191	4.26823
201	4.45365
211	4.6006
221	4.76549
231	4.84008
241	4.94931
251	5.09565
261	5.16828
271	5.27856
281	5.48896
291	5.61288
301	5.73215
311	5.84892
321	5.96268
331	6.04427
341	6.17431
351	6.30161
361	6.42268
371	6.61195
381	6.73805
391	6.84357
401	6.93113
411	7.0454
421	7.13723
431	7.36036
441	7.50613
451	7.61539
461	7.74565
471	7.84536
481	7.91129
491	8.03145
501	8.19932
511	8.34341
521	8.48976
531	8.57908
541	8.68667
551	8.79104
561	8.91063
571	9.01296
581	9.15916
591	9.27939
601	9.34993
611	9.46655
621	9.53909
631	9.62037
641	9.70304
651	9.76336
661	9.87877
671	10.0743
681	10.2437
691	10.4175
701	10.5417
711	10.6072
721	10.6915
731	10.7692
741	10.8472
751	10.9102
761	11.055
771	11.2056
781	11.3685
791	11.5249
801	11.6197
811	11.6875
821	11.7532
831	11.8297
841	11.9951
851	12.145
861	12.253
871	12.3445
881	12.4767
891	12.5695
901	12.7071
911	12.8017
921	12.8855
931	13.0006
941	13.0857
951	13.1626
961	13.2903
971	13.4083
981	13.4941
991	13.6141
1001	13.7628
1011	13.8447
1021	13.9416
1031	14.0397
1041	14.1192
1051	14.2646
1061	14.4124
1071	14.5166
1081	14.6087
1091	14.6979
1101	14.7745
1111	14.8782
1121	14.9597
1131	15.049
1141	15.2402
1151	15.3512
1161	15.4607
1171	15.5822
1181	15.6974
1191	15.7689
1201	15.842
1211	15.9442
1221	16.0362
1231	16.1075
1241	16.1898
1251	16.2717
1261	16.3779
1271	16.4769
1281	16.5971
1291	16.6926
1301	16.8562
1311	16.9848
1321	17.1097
1331	17.2239
1341	17.3147
1351	17.3935
1361	17.4976
1371	17.5916
1381	17.7311
1391	17.8442
1401	17.9748
1411	18.1216
1421	18.2028
1431	18.2531
1441	18.343
1451	18.4462
1461	18.5666
1471	18.7229
1481	18.8453
1491	18.9652
1501	19.0737
1511	19.1529
1521	19.234
1531	19.3344
1541	19.4381
1551	19.5567
1561	19.6684
1571	19.7983
1581	19.9083
1591	20.0156
1601	20.085
1611	20.1679
1621	20.2986
1631	20.4355
1641	20.6033
1651	20.7114
1661	20.804
1671	20.9243
1681	21.0227
1691	21.0932
1701	21.1893
1711	21.2993
1721	21.3808
1731	21.5067
1741	21.6768
1751	21.7799
1761	21.8887
1771	21.9856
1781	22.0678
1791	22.168
1801	22.2897
1811	22.3587
1821	22.459
1831	22.5567
1841	22.626
1851	22.6857
1861	22.7587
1871	22.8997
1881	23.0704
1891	23.202
1901	23.2777
1911	23.4225
1921	23.5308
1931	23.6122
1941	23.6811
1951	23.794
1961	23.9367
1971	24.0774
1981	24.2034
1991	24.2851
2001	24.39
2011	24.5333
2021	24.6467
2031	24.7733
2041	24.8603
2051	24.9709
2061	25.0395
2071	25.1098
2081	25.2185
2091	25.3609
2101	25.4756
2111	25.5894
2121	25.7119
2131	25.8388
2141	25.9589
2151	26.06
2161	26.1318
2171	26.169
2181	26.2703
2191	26.4075
2201	26.5087
2211	26.6282
2221	26.7354
2231	26.8585
2241	26.9991
2251	27.1122
2261	27.1879
2271	27.287
2281	27.3707
2291	27.5088
2301	27.6096
2311	27.7343
2321	27.8342
2331	27.9489
2341	28.0237
2351	28.1396
2361	28.2545
2371	28.3675
2381	28.4655
2391	28.5535
2401	28.6713
2411	28.7889
2421	28.8874
2431	28.9488
2441	29.0315
2451	29.1116
2461	29.1986
2471	29.3096
2481	29.4525
2491	29.5677
2501	29.6886
2511	29.7921
2521	29.922
2531	30.0283
2541	30.1152
2551	30.2244
2561	30.3564
2571	30.5093
2581	30.6065
2591	30.7324
2601	30.838
2611	30.9067
2621	31.0207
2631	31.1016
2641	31.227
2651	31.3607
2661	31.475
2671	31.5711
2681	31.7072
2691	31.83
2701	31.9248
2711	32.0284
2721	32.1526
2731	32.2325
2741	32.3269
2751	32.4707
2761	32.5968
2771	32.7189
2781	32.7909
2791	32.8683
2801	32.976
2811	33.1068
2821	33.215
2831	33.3181
2841	33.409
2851	33.5016
2861	33.6141
2871	33.7133
2881	33.7961
2891	33.9086
2901	34.0685
2911	34.188
2921	34.2917
2931	34.3908
2941	34.4739
2951	34.5421
2961	34.6008
2971	34.6822
2981	34.8511
2991	34.989
3001	35.1046
3011	35.2477
3021	35.3368
3031	35.4025
3041	35.4874
3051	35.6089
3061	35.72
3071	35.8616
3081	35.9596
3091	36.0709
3101	36.1563
3111	36.2598
3121	36.3475
3131	36.4498
3141	36.6048
3151	36.7381
3161	36.8536
3171	36.9244
3181	36.9939
3191	37.0753
3201	37.1644
3211	37.2746
3221	37.4323
3231	37.5969
3241	37.7173
3251	37.8167
3261	37.9016
3271	37.9855
3281	38.0802
3291	38.1719
3301	38.2731
3311	38.4118
3321	38.5452
3331	38.6725
3341	38.7967
3351	38.9139
3361	38.9848
3371	39.0597
3381	39.143
3391	39.2484
3401	39.3319
3411	39.4101
3421	39.5263
3431	39.7209
3441	39.8625
3451	39.9274
3461	40.0073
3471	40.0622
3481	40.1666
3491	40.2632
3501	40.3652
3511	40.4967
3521	40.6165
3531	40.7358
3541	40.8105
3551	40.8715
3561	40.9606
3571	41.0643
3581	41.198
3591	41.3334
3601	41.4915
3611	41.5969
3621	41.6515
3631	41.6897
3641	41.7487
3651	41.819
3661	41.9233
3671	42.0504
3681	42.1642
3691	42.3756
3701	42.4994
3711	42.5843
3721	42.6451
3731	42.7163
3741	42.7901
3751	42.9155
3761	43.0323
3771	43.1769
3781	43.2884
3791	43.373
3801	43.4594
3811	43.5704
3821	43.6455
3831	43.7679
3841	43.8488
3851	43.9039
3861	44.0014
3871	44.1212
3881	44.249
3891	44.3539
3901	44.4657
3911	44.5512
3921	44.6476
3931	44.7607
3941	44.8538
3951	44.9515
3961	45.0475
3971	45.1485
3981	45.2409
3991	45.3797
4001	45.4957
4011	45.5909
4021	45.6894
4031	45.7921
4041	45.8588
4051	45.9523
4061	46.0811
4071	46.2069
4081	46.3262
4091	46.4214
4101	46.5389
4111	46.6238
4121	46.708
4131	46.7707
4141	46.8744
4151	46.981
4161	47.0943
4171	47.2155
4181	47.343
4191	47.4631
4201	47.5961
4211	47.7037
4221	47.7774
4231	47.8345
4241	47.9216
4251	48.0263
4261	48.098
4271	48.2158
4281	48.2973
4291	48.3927
4301	48.4996
4311	48.5991
4321	48.7475
4331	48.8887
4341	48.9859
4351	49.0912
4361	49.1509
4371	49.2589
4381	49.3489
4391	49.4368
4401	49.5508
4411	49.6777
4421	49.8013
4431	49.9214
4441	50.0245
4451	50.1069
4461	50.2061
4471	50.305
4481	50.4253
4491	50.513
4501	50.5772
4511	50.6841
4521	50.822
4531	50.9217
4541	51.0247
4551	51.143
4561	51.2477
4571	51.3489
4581	51.4486
4591	51.5842
4601	51.6527
4611	51.7329
4621	51.8435
4631	51.9577
4641	52.1016
4651	52.1939
4661	52.2838
4671	52.3667
4681	52.457
4691	52.5473
4701	52.6488
4711	52.7532
4721	52.8929
4731	53.0114
4741	53.1052
4751	53.219
4761	53.3571
4771	53.4657
4781	53.5524
4791	53.6445
4801	53.7184
4811	53.8277
4821	53.9344
4831	54.0052
4841	54.0564
4851	54.1161
4861	54.2082
4871	54.304
4881	54.4244
4891	54.5344
4901	54.7063
4911	54.8194
4921	54.9292
4931	55.0365
4941	55.1214
4951	55.1712
4961	55.2652
4971	55.3649
4981	55.491
4991	55.6694
5001	55.8099
5011	55.9131
5021	55.9915
5031	56.0561
5041	56.1473
5051	56.2766
5061	56.4113
5071	56.5455
5081	56.6998
5091	56.8236
5101	56.9284
5111	56.9864
5121	57.0577
5131	57.1285
5141	57.2285
5151	57.3215
5161	57.4371
5171	57.6032
5181	57.739
5191	57.8569
5201	57.9659
5211	58.0348
5221	58.1202
5231	58.2356
5241	58.3157
5251	58.4182
5261	58.5239
5271	58.6693
5281	58.8161
5291	58.9063
5301	58.9803
5311	59.039
5321	59.1171
5331	59.1968
5341	59.3132
5351	59.4422
5361	59.5832
5371	59.7317
5381	59.8534
5391	59.9193
5401	60.015
5411	60.0737
5421	60.1248
5431	60.1893
5441	60.2225
5451	60.3213
5461	60.4297
5471	60.557
5481	60.6432
5491	60.7608
5501	60.8746
5511	60.9553
5521	61.1045
5531	61.1646
5541	61.2667
5551	61.4061
5561	61.5131
5571	61.6292
5581	61.743
5591	61.8683
5601	61.9302
5611	62.0268
5621	62.1146
5631	62.2485
5641	62.3632
5651	62.4473
5661	62.558
5671	62.6717
5681	62.7939
5691	62.8601
5701	62.9307
5711	63.0208
5721	63.1123
5731	63.2615
5741	63.3741
5751	63.499
5761	63.5974
5771	63.7003
5781	63.789
5791	63.9053
5801	64.0079
5811	64.1277
5821	64.2549
5831	64.3515
5841	64.4537
5851	64.5202
5861	64.6144
5871	64.694
5881	64.7966
5891	64.9405
5901	65.0618
5911	65.1973
5921	65.3087
5931	65.3887
5941	65.5091
5951	65.5966
5961	65.6908
5971	65.7979
5981	65.8915
5991	66.0004
6001	66.0825
6011	66.1767
6021	66.2553
6031	66.3358
6041	66.3811
6051	66.4627
6061	66.5625
6071	66.7011
6081	66.8477
6091	67.0033
6101	67.1211
6111	67.2197
6121	67.3158
6131	67.3973
6141	67.4955
6151	67.5745
6161	67.6993
6171	67.856
6181	67.97
6191	68.0755
6201	68.2
6211	68.3293
6221	68.4267
6231	68.4995
6241	68.556
6251	68.6002
6261	68.681
6271	68.7721
6281	68.8682
6291	68.9981
6301	69.1435
6311	69.2898
6321	69.4217
6331	69.5358
6341	69.5977
6351	69.6718
6361	69.7383
6371	69.8182
6381	69.9022
6391	69.9982
6401	70.1235
6411	70.2734
6421	70.394
6431	70.5103
6441	70.6371
6451	70.7319
6461	70.8122
6471	70.8993
6481	71.0042
6491	71.0788
6501	71.1671
6511	71.2899
6521	71.3893
6531	71.4914
6541	71.6185
6551	71.7144
6561	71.8196
6571	71.9043
6581	72.0382
6591	72.2032
6601	72.3061
6611	72.3869
6621	72.5131
6631	72.5913
6641	72.6606
6651	72.7105
6661	72.7439
6671	72.8216
6681	72.9252
6691	73.0471
6701	73.2248
6711	73.3809
6721	73.4835
6731	73.5419
6741	73.6176
6751	73.6913
6761	73.782
6771	73.8691
6781	73.9811
6791	74.1324
6801	74.2677
6811	74.4144
6821	74.5261
6831	74.6298
6841	74.7056
6851	74.7892
6861	74.8624
6871	74.9485
6881	75.0899
6891	75.238
6901	75.3643
6911	75.505
6921	75.6331
6931	75.7194
6941	75.802
6951	75.8667
6961	75.9449
6971	76.0487
6981	76.173
6991	76.2978
7001	76.4546
7011	76.5679
7021	76.6385
7031	76.7112
7041	76.7552
7051	76.7982
7061	76.8516
7071	76.9863
7081	77.1205
7091	77.2459
7101	77.3942
7111	77.5382
7121	77.6286
7131	77.7359
7141	77.7951
7151	77.8435
7161	77.8908
7171	77.9866
7181	78.1468
7191	78.2764
7201	78.4168
7211	78.5289
7221	78.6392
7231	78.6977
7241	78.7492
7251	78.7824
7261	78.8382
7271	78.9625
7281	79.0443
7291	79.137
7301	79.2356
7311	79.3687
7321	79.4906
7331	79.588
7341	79.7117
7351	79.7958
7361	79.9026
7371	79.9827
7381	80.1044
7391	80.2223
7401	80.3089
7411	80.4545
7421	80.5931
7431	80.686
7441	80.7841
7451	80.8905
7461	80.9603
7471	81.0392
7481	81.1453
7491	81.2952
7501	81.4425
7511	81.5698
7521	81.6527
7531	81.7409
7541	81.8276
7551	81.9145
7561	82.0437
7571	82.1627
7581	82.246
7591	82.3661
7601	82.4728
7611	82.5909
7621	82.7095
7631	82.8085
7641	82.9059
7651	82.9754
7661	83.0565
7671	83.1822
7681	83.2984
7691	83.4219
7701	83.5499
7711	83.6719
7721	83.7734
7731	83.8273
7741	83.9224
7751	83.991
7761	84.0474
7771	84.1577
7781	84.3033
7791	84.4335
7801	84.5363
7811	84.6201
7821	84.7483
7831	84.8296
7841	84.9103
7851	84.9734
7861	85.0452
7871	85.1361
7881	85.2888
7891	85.4251
7901	85.5348
7911	85.622
7921	85.7488
7931	85.818
7941	85.871
7951	85.9354
7961	86.004
7971	86.1123
7981	86.2373
7991	86.329
8001	86.4638
8011	86.6067
8021	86.7315
8031	86.8031
8041	86.864
8051	86.9617
8061	87.0372
8071	87.1326
8081	87.2592
8091	87.3953
8101	87.5089
8111	87.6097
8121	87.7152
8131	87.803
8141	87.8941
8151	87.9889
8161	88.0687
8171	88.1643
8181	88.2728
8191	88.3887
8201	88.5034
8211	88.6207
8221	88.7546
8231	88.8518
8241	88.9317
8251	89.0236
8261	89.089
8271	89.1718
8281	89.2714
8291	89.3555
8301	89.4556
8311	89.5897
8321	89.7319
8331	89.8535
8341	89.9491
8351	90.0238
8361	90.0922
8371	90.1879
8381	90.2894
8391	90.381
8401	90.4803
8411	90.6063
8421	90.7405
8431	90.8178
8441	90.8715
8451	90.9375
8461	90.9927
8471	91.0399
8481	91.164
8491	91.2691
8501	91.3685
8511	91.4742
8521	91.6265
8531	91.7411
8541	91.8289
8551	91.9203
8561	91.9746
8571	92.0349
8581	92.0909
8591	92.1918
8601	92.3472
8611	92.4859
8621	92.621
8631	92.7517
8641	92.8545
8651	92.9235
8661	93.0192
8671	93.1106
8681	93.188
8691	93.3384
8701	93.4703
8711	93.6219
8721	93.7381
8731	93.8449
8741	93.9404
8751	94.0013
8761	94.0676
8771	94.1503
8781	94.2787
8791	94.3967
8801	94.5163
8811	94.6803
8821	94.7858
8831	94.8585
8841	94.9204
8851	94.9756
8861	95.0262
8871	95.1003
8881	95.2351
8891	95.3364
8901	95.4687
8911	95.5444
8921	95.6653
8931	95.7914
8941	95.8789
8951	95.9293
8961	96.0086
8971	96.0919
8981	96.2105
8991	96.3322
9001	96.4267
9011	96.5645
9021	96.677
9031	96.7775
9041	96.8663
9051	96.9239
9061	96.9728
9071	97.03
9081	97.0934
9091	97.2046
9101	97.3527
9111	97.4994
9121	97.6464
9131	97.7876
9141	97.8697
9151	97.9217
9161	98.008
9171	98.0779
9181	98.1498
9191	98.2658
9201	98.3622
9211	98.4789
9221	98.572
9231	98.674
9241	98.7631
9251	98.8685
9261	98.996
9271	99.0641
9281	99.1145
9291	99.2177
9301	99.3575
9311	99.4339
9321	99.501
9331	99.6212
9341	99.7352
9351	99.7986
9361	99.8448
9371	99.9753
9381	100.099
9391	100.23
9401	100.351
9411	100.514
9421	100.645
9431	100.697
9441	100.762
9451	100.835
9461	100.902
9471	101.011
9481	101.09
9491	101.251
9501	101.382
9511	101.517
9521	101.624
9531	101.7
9541	101.77
9551	101.83
9561	101.863
9571	101.94
9581	102.083
9591	102.242
9601	102.356
9611	102.46
9621	102.558
9631	102.622
9641	102.698
9651	102.77
9661	102.824
9671	102.899
9681	102.985
9691	103.09
9701	103.224
9711	103.327
9721	103.447
9731	103.538
9741	103.636
9751	103.72
9761	103.775
9771	103.851
9781	103.968
9791	104.077
9801	104.222
9811	104.369
9821	104.447
9831	104.535
9841	104.596
9851	104.708
9861	104.789
9871	104.874
9881	105.045
9891	105.17
9901	105.278
9911	105.37
9921	105.445
9931	105.515
9941	105.597
9951	105.681
9961	105.724
9971	105.849
9981	105.996
9991	106.122
10001	106.225
10011	106.359
10021	106.424
10031	106.494
10041	106.649
10051	106.75
10061	106.869
10071	106.988
10081	107.115
10091	107.228
10101	107.316
10111	107.392
10121	107.463
10131	107.531
10141	107.658
10151	107.775
10161	107.897
10171	107.99
10181	108.079
10191	108.182
10201	108.285
10211	108.344
10221	108.449
10231	108.544
10241	108.626
10251	108.711
10261	108.784
10271	108.878
10281	108.989
10291	109.071
10301	109.152
10311	109.308
10321	109.425
10331	109.503
10341	109.636
10351	109.722
10361	109.792
10371	109.849
10381	109.93
10391	110.065
10401	110.156
10411	110.248
10421	110.393
10431	110.526
10441	110.627
10451	110.711
10461	110.794
10471	110.885
10481	110.963
10491	111.049
10501	111.113
10511	111.193
10521	111.318
10531	111.428
10541	111.606
10551	111.714
10561	111.838
10571	111.91
10581	111.978
10591	112.027
10601	112.085
10611	112.201
10621	112.341
10631	112.511
10641	112.637
10651	112.757
10661	112.868
10671	112.936
10681	112.995
10691	113.071
10701	113.173
10711	113.28
10721	113.383
10731	113.523
10741	113.648
10751	113.768
10761	113.851
10771	113.917
10781	114.02
10791	114.107
10801	114.179
10811	114.308
10821	114.405
10831	114.503
10841	114.6
10851	114.682
10861	114.759
10871	114.824
10881	114.878
10891	114.924
10901	115.004
10911	115.115
10921	115.232
10931	115.376
10941	115.514
10951	115.639
10961	115.708
10971	115.817
10981	115.942
10991	116.032
11001	116.116
11011	116.195
11021	116.287
11031	116.419
11041	116.483
11051	116.564
11061	116.67
11071	116.788
11081	116.874
11091	116.97
11101	117.097
11111	117.166
11121	117.261
11131	117.332
11141	117.45
11151	117.549
11161	117.653
11171	117.766
11181	117.88
11191	117.992
11201	118.046
11211	118.137
11221	118.246
11231	118.358
11241	118.482
11251	118.575
11261	118.68
11271	118.781
11281	118.873
11291	118.975
11301	119.071
11311	119.127
11321	119.186
11331	119.273
11341	119.42
11351	119.526
11361	119.633
11371	119.713
11381	119.801
11391	119.885
11401	119.972
11411	120.09
11421	120.185
11431	120.283
11441	120.388
11451	120.467
11461	120.575
11471	120.642
11481	120.747
11491	120.824
11501	120.897
11511	120.984
11521	121.094
11531	121.239
11541	121.368
11551	121.512
11561	121.596
11571	121.683
11581	121.778
11591	121.869
11601	121.964
11611	122.046
11621	122.153
11631	122.26
11641	122.392
11651	122.511
11661	122.629
11671	122.745
11681	122.809
11691	122.917
11701	123.036
11711	123.134
11721	123.22
11731	123.302
11741	123.41
11751	123.521
11761	123.588
11771	123.67
11781	123.748
11791	123.857
11801	123.994
11811	124.115
11821	124.207
11831	124.326
11841	124.464
11851	124.577
11861	124.666
11871	124.716
11881	124.762
11891	124.856
11901	124.968
11911	125.098
11921	125.237
11931	125.333
11941	125.416
11951	125.493
11961	125.583
11971	125.652
11981	125.783
11991	125.877
12001	125.981
12011	126.115
12021	126.222
12031	126.309
12041	126.374
12051	126.428
12061	126.48
12071	126.536
12081	126.66
12091	126.81
12101	126.943
12111	127.064
12121	127.183
12131	127.273
12141	127.349
12151	127.448
12161	127.495
12171	127.546
12181	127.595
12191	127.704
12201	127.838
12211	127.986
12221	128.171
12231	128.32
12241	128.412
12251	128.494
12261	128.56
12271	128.604
12281	128.66
12291	128.758
12301	128.934
12311	129.083
12321	129.173
12331	129.288
12341	129.394
12351	129.486
12361	129.555
12371	129.621
12381	129.735
12391	129.845
12401	129.921
12411	130.041
12421	130.144
12431	130.217
12441	130.342
12451	130.435
12461	130.54
12471	130.6
12481	130.72
12491	130.847
12501	130.967
12511	131.062
12521	131.137
12531	131.236
12541	131.315
12551	131.369
12561	131.441
12571	131.564
12581	131.646
12591	131.736
12601	131.885
12611	132.023
12621	132.176
12631	132.272
12641	132.314
12651	132.347
12661	132.375
12671	132.404
12681	132.472
12691	132.529
12701	132.653
12711	132.823
12721	132.964
12731	133.125
12741	133.225
12751	133.286
12761	133.337
12771	133.424
12781	133.502
12791	133.593
12801	133.704
12811	133.881
12821	134
12831	134.084
12841	134.17
12851	134.216
12861	134.289
12871	134.378
12881	134.484
12891	134.558
12901	134.667
12911	134.818
12921	134.944
12931	135.072
12941	135.172
12951	135.245
12961	135.312
12971	135.393
12981	135.498
12991	135.602
13001	135.688
13011	135.809
13021	135.957
13031	136.056
13041	136.13
13051	136.223
13061	136.305
13071	136.424
13081	136.532
13091	136.642
13101	136.795
13111	136.884
13121	136.949
13131	137.04
13141	137.084
13151	137.155
13161	137.271
13171	137.379
13181	137.494
13191	137.65
13201	137.778
13211	137.864
13221	137.966
13231	138.05
13241	138.117
13251	138.154
13261	138.202
13271	138.274
13281	138.361
13291	138.44
13301	138.52
13311	138.607
13321	138.745
13331	138.911
13341	139.004
13351	139.089
13361	139.181
13371	139.28
13381	139.369
13391	139.451
13401	139.571
13411	139.665
13421	139.773
13431	139.901
13441	140.012
13451	140.105
13461	140.161
13471	140.226
13481	140.299
13491	140.384
13501	140.534
13511	140.679
13521	140.785
13531	140.88
13541	140.977
13551	141.049
13561	141.1
13571	141.211
13581	141.297
13591	141.423
13601	141.561
13611	141.659
13621	141.779
13631	141.889
13641	141.958
13651	142
13661	142.048
13671	142.118
13681	142.224
13691	142.367
13701	142.496
13711	142.657
13721	142.798
13731	142.897
13741	142.964
13751	143
13761	143.033
13771	143.131
13781	143.287
13791	143.387
13801	143.521
13811	143.626
13821	143.723
13831	143.824
13841	143.89
13851	143.958
13861	144.02
13871	144.071
13881	144.186
13891	144.31
13901	144.382
13911	144.487
13921	144.601
13931	144.698
13941	144.796
13951	144.898
13961	144.987
13971	145.103
13981	145.198
13991	145.311
14001	145.391
14011	145.523
14021	145.641
14031	145.738
14041	145.844
14051	145.912
14061	145.99
14071	146.067
14081	146.164
14091	146.27
14101	146.373
14111	146.46
14121	146.595
14131	146.716
14141	146.803
14151	146.874
14161	146.974
14171	147.074
14181	147.165
14191	147.26
14201	147.342
14211	147.452
14221	147.548
14231	147.61
14241	147.694
14251	147.792
14261	147.858
14271	147.977
14281	148.073
14291	148.147
14301	148.284
14311	148.431
14321	148.519
14331	148.599
14341	148.671
14351	148.731
14361	148.82
14371	148.876
14381	148.934
14391	149.03
14401	149.107
14411	149.239
14421	149.374
14431	149.526
14441	149.607
14451	149.693
14461	149.776
14471	149.845
14481	149.904
14491	149.963
14501	150.036
14511	150.158
14521	150.245
14531	150.348
14541	150.455
14551	150.57
14561	150.666
14571	150.725
14581	150.827
14591	150.967
14601	151.085
14611	151.188
14621	151.269
14631	151.37
14641	151.46
14651	151.573
14661	151.644
14671	151.724
14681	151.789
14691	151.889
14701	152
14711	152.117
14721	152.239
14731	152.325
14741	152.431
14751	152.484
14761	152.587
14771	152.679
14781	152.772
14791	152.923
14801	153.034
14811	153.13
14821	153.197
14831	153.278
14841	153.364
14851	153.416
14861	153.451
14871	153.584
14881	153.766
14891	153.897
14901	154.002
14911	154.066
14921	154.148
14931	154.205
14941	154.247
14951	154.313
14961	154.454
14971	154.582
14981	154.692
14991	154.775
15001	154.855
15011	154.93
15021	155.012
15031	155.085
15041	155.148
15051	155.242
15061	155.292
15071	155.354
15081	155.439
15091	155.55
15101	155.63
15111	155.701
15121	155.789
15131	155.899
15141	155.97
15151	156.039
15161	156.152
15171	156.312
15181	156.41
15191	156.503
15201	156.551
15211	156.654
15221	156.777
15231	156.871
15241	156.951
15251	157.05
15261	157.143
15271	157.221
15281	157.28
15291	157.368
15301	157.494
15311	157.6
15321	157.713
15331	157.796
15341	157.873
15351	157.942
15361	158.019
15371	158.123
15381	158.209
15391	158.334
15401	158.454
15411	158.549
15421	158.633
15431	158.73
15441	158.816
15451	158.915
15461	159.015
15471	159.106
15481	159.192
15491	159.284
15501	159.403
15511	159.497
15521	159.606
15531	159.683
15541	159.741
15551	159.825
15561	159.947
15571	160.018
15581	160.085
15591	160.308
15601	160.449
15611	160.546
15621	160.617
15631	160.712
15641	160.792
15651	160.867
15661	160.93
15671	160.975
15681	161.034
15691	161.155
15701	161.253
15711	161.358
15721	161.455
15731	161.541
15741	161.618
15751	161.697
15761	161.843
15771	161.924
15781	162.007
15791	162.074
15801	162.168
15811	162.297
15821	162.42
15831	162.524
15841	162.637
15851	162.751
15861	162.819
15871	162.873
15881	162.94
15891	163
15901	163.081
15911	163.198
15921	163.295
15931	163.411
15941	163.532
15951	163.651
15961	163.751
15971	163.84
15981	163.916
15991	163.968
16001	164.079
16011	164.166
16021	164.246
16031	164.321
16041	164.398
16051	164.531
16061	164.639
16071	164.729
16081	164.807
16091	164.904
16101	164.984
16111	165.047
16121	165.111
16131	165.175
16141	165.292
16151	165.43
16161	165.576
16171	165.712
16181	165.809
16191	165.858
16201	165.937
16211	165.998
16221	166.057
16231	166.141
16241	166.274
16251	166.363
16261	166.443
16271	166.49
16281	166.537
16291	166.568
16301	166.717
16311	166.818
16321	166.909
16331	167.021
16341	167.146
16351	167.243
16361	167.313
16371	167.368
16381	167.425
16391	167.482
16401	167.551
16411	167.676
16421	167.785
16431	167.911
16441	168.025
16451	168.081
16461	168.175
16471	168.267
16481	168.365
16491	168.459
16501	168.547
16511	168.656
16521	168.732
16531	168.83
16541	168.924
16551	169.037
16561	169.13
16571	169.216
16581	169.339
16591	169.461
16601	169.537
16611	169.582
16621	169.674
16631	169.8
16641	169.906
16651	169.98
16661	170.053
16671	170.135
16681	170.213
16691	170.307
16701	170.366
16711	170.461
16721	170.589
16731	170.682
16741	170.778
16751	170.858
16761	170.964
16771	171.046
16781	171.146
16791	171.246
16801	171.369
16811	171.439
16821	171.498
16831	171.574
16841	171.644
16851	171.721
16861	171.826
16871	171.878
16881	171.928
16891	171.999
16901	172.047
16911	172.076
16921	172.142
16931	172.247
16941	172.4
16951	172.521
16961	172.637
16971	172.751
16981	172.852
16991	172.968
17001	173.035
17011	173.069
17021	173.118
17031	173.215
17041	173.29
17051	173.403
17061	173.519
17071	173.613
17081	173.695
17091	173.798
17101	173.884
17111	173.951
17121	174.045
17131	174.158
17141	174.227
17151	174.308
17161	174.403
17171	174.537
17181	174.657
17191	174.737
17201	174.808
17211	174.9
17221	174.986
17231	175.069
17241	175.172
17251	175.265
17261	175.361
17271	175.437
17281	175.537
17291	175.678
17301	175.776
17311	175.881
17321	175.938
17331	176.013
17341	176.108
17351	176.222
17361	176.293
17371	176.357
17381	176.428
17391	176.538
17401	176.682
17411	176.824
17421	176.935
17431	177.018
17441	177.118
17451	177.183
17461	177.216
17471	177.242
17481	177.268
17491	177.283
17501	177.335
17511	177.437
17521	177.565
17531	177.714
17541	177.866
17551	177.969
17561	178.08
17571	178.156
17581	178.208
17591	178.276
17601	178.341
17611	178.415
17621	178.495
17631	178.573
17641	178.703
17651	178.84
17661	178.947
17671	179.096
17681	179.188
17691	179.27
17701	179.362
17711	179.43
17721	179.517
17731	179.597
17741	179.676
17751	179.773
17761	179.878
17771	179.968
17781	180.041
17791	180.145
17801	180.176
17811	180.255
17821	180.337
17831	180.432
17841	180.51
17851	180.646
17861	180.724
17871	180.803
17881	180.909
17891	181.018
17901	181.151
17911	181.282
17921	181.383
17931	181.441
17941	181.53
17951	181.608
17961	181.68
17971	181.795
17981	181.94
17991	182.047
18001	182.154
18011	182.249
18021	182.347
18031	182.409
18041	182.434
18051	182.471
18061	182.513
18071	182.559
18081	182.614
18091	182.679
18101	182.805
18111	182.925
18121	183.065
18131	183.178
18141	183.279
18151	183.367
18161	183.44
18171	183.492
18181	183.557
18191	183.598
18201	183.67
18211	183.753
18221	183.84
18231	184.029
18241	184.156
18251	184.24
18261	184.322
18271	184.38
18281	184.437
18291	184.518
18301	184.596
18311	184.695
18321	184.822
18331	184.949
18341	185.065
18351	185.167
18361	185.253
18371	185.324
18381	185.418
18391	185.48
18401	185.559
18411	185.65
18421	185.715
18431	185.793
18441	185.89
18451	185.953
18461	186.009
18471	186.089
18481	186.141
18491	186.229
18501	186.315
18511	186.406
18521	186.53
18531	186.649
18541	186.742
18551	186.879
18561	186.983
18571	187.049
18581	187.132
18591	187.221
18601	187.318
18611	187.421
18621	187.515
18631	187.599
18641	187.693
18651	187.814
18661	187.899
18671	187.967
18681	188.014
18691	188.055
18701	188.141
18711	188.294
18721	188.392
18731	188.497
18741	188.584
18751	188.679
18761	188.754
18771	188.835
18781	188.925
18791	188.992
18801	189.064
18811	189.158
18821	189.278
18831	189.397
18841	189.48
18851	189.557
18861	189.681
18871	189.796
18881	189.871
18891	189.95
18901	190.026
18911	190.107
18921	190.175
18931	190.248
18941	190.345
18951	190.476
18961	190.555
18971	190.653
18981	190.768
18991	190.85
19001	190.899
19011	190.976
19021	191.072
19031	191.154
19041	191.257
19051	191.365
19061	191.43
19071	191.531
19081	191.604
19091	191.695
19101	191.777
19111	191.833
19121	191.884
19131	191.977
19141	192.055
19151	192.14
19161	192.247
19171	192.377
19181	192.494
19191	192.615
19201	192.702
19211	192.752
19221	192.814
19231	192.883
19241	192.975
19251	193.055
19261	193.137
19271	193.211
19281	193.278
19291	193.351
19301	193.436
19311	193.527
19321	193.593
19331	193.639
19341	193.701
19351	193.819
19361	193.937
19371	194.024
19381	194.14
19391	194.214
19401	194.28
19411	194.353
19421	194.405
19431	194.455
19441	194.576
19451	194.708
19461	194.814
19471	194.915
19481	194.977
19491	195.067
19501	195.139
19511	195.208
19521	195.291
19531	195.379
19541	195.492
19551	195.589
19561	195.723
19571	195.81
19581	195.893
19591	195.945
19601	196.034
19611	196.109
19621	196.187
19631	196.306
19641	196.437
19651	196.521
19661	196.613
19671	196.704
19681	196.802
19691	196.879
19701	196.958
19711	197.036
19721	197.11
19731	197.213
19741	197.342
19751	197.433
19761	197.497
19771	197.546
19781	197.634
19791	197.705
19801	197.784
19811	197.862
19821	197.952
19831	198.032
19841	198.128
19851	198.193
19861	198.279
19871	198.351
19881	198.4
19891	198.445
19901	198.546
19911	198.604
19921	198.694
19931	198.811
19941	198.927
19951	199.033
19961	199.125
19971	199.189
19981	199.263
19991	199.337
20001	199.428
20011	199.517
20021	199.601
20031	199.705
20041	199.804
20051	199.925
20061	200.019
20071	200.15
20081	200.233
20091	200.277
20101	200.313
20111	200.366
20121	200.475
20131	200.596
20141	200.708
20151	200.809
20161	200.886
20171	200.986
20181	201.103
20191	201.167
20201	201.241
20211	201.31
20221	201.425
20231	201.52
20241	201.653
20251	201.731
20261	201.809
20271	201.869
20281	201.929
20291	202.033
20301	202.115
20311	202.205
20321	202.299
20331	202.374
20341	202.463
20351	202.553
20361	202.654
20371	202.722
20381	202.807
20391	202.842
20401	202.871
20411	202.96
20421	203.115
20431	203.266
20441	203.391
20451	203.492
20461	203.564
20471	203.627
20481	203.669
20491	203.733
20501	203.761
20511	203.814
20521	203.858
20531	203.937
20541	204.046
20551	204.154
20561	204.275
20571	204.361
20581	204.463
20591	204.576
20601	204.638
20611	204.709
20621	204.775
20631	204.837
20641	204.913
20651	205.007
20661	205.082
20671	205.187
20681	205.326
20691	205.433
20701	205.535
20711	205.605
20721	205.652
20731	205.708
20741	205.796
20751	205.862
20761	205.929
20771	206.015
20781	206.154
20791	206.247
20801	206.358
20811	206.417
20821	206.469
20831	206.498
20841	206.58
20851	206.688
20861	206.792
20871	206.885
20881	206.983
20891	207.109
20901	207.188
20911	207.262
20921	207.366
20931	207.445
20941	207.506
20951	207.56
20961	207.648
20971	207.767
20981	207.876
20991	207.972
21001	208.068
21011	208.172
21021	208.262
21031	208.345
21041	208.451
21051	208.518
21061	208.601
21071	208.657
21081	208.693
21091	208.71
21101	208.741
21111	208.816
21121	208.887
21131	208.992
21141	209.081
21151	209.215
21161	209.322
21171	209.391
21181	209.458
21191	209.532
21201	209.581
21211	209.659
21221	209.724
21231	209.811
21241	209.859
21251	209.951
21261	210.053
21271	210.117
21281	210.167
21291	210.241
21301	210.377
21311	210.489
21321	210.581
21331	210.66
21341	210.738
21351	210.821
21361	210.914
21371	210.999
21381	211.111
21391	211.176
21401	211.225
21411	211.339
21421	211.467
21431	211.568
21441	211.637
21451	211.709
21461	211.811
21471	211.926
21481	212.025
21491	212.108
21501	212.18
21511	212.274
21521	212.372
21531	212.445
21541	212.508
21551	212.584
21561	212.634
21571	212.71
21581	212.787
21591	212.867
21601	212.937
21611	213.01
21621	213.112
21631	213.235
21641	213.309
21651	213.395
21661	213.489
21671	213.596
21681	213.662
21691	213.735
21701	213.792
21711	213.847
21721	213.939
21731	214.031
21741	214.106
21751	214.209
21761	214.295
21771	214.386
21781	214.487
21791	214.567
21801	214.622
21811	214.691
21821	214.747
21831	214.795
21841	214.858
21851	214.922
21861	215.025
21871	215.135
21881	215.249
21891	215.328
21901	215.408
21911	215.506
21921	215.591
21931	215.674
21941	215.742
21951	215.797
21961	215.861
21971	215.929
21981	216.001
21991	216.135
22001	216.268
22011	216.354
22021	216.425
22031	216.477
22041	216.524
22051	216.572
22061	216.635
22071	216.721
22081	216.807
22091	216.903
22101	217.002
22111	217.126
22121	217.242
22131	217.344
22141	217.405
22151	217.468
22161	217.53
22171	217.612
22181	217.69
22191	217.768
22201	217.865
22211	217.932
22221	218.016
22231	218.095
22241	218.196
22251	218.294
22261	218.395
22271	218.455
22281	218.544
22291	218.605
22301	218.642
22311	218.716
22321	218.764
22331	218.812
22341	218.907
22351	219.001
22361	219.096
22371	219.187
22381	219.25
22391	219.328
22401	219.422
22411	219.496
22421	219.566
22431	219.681
22441	219.756
22451	219.838
22461	219.96
22471	220.056
22481	220.14
22491	220.211
22501	220.28
22511	220.358
22521	220.43
22531	220.507
22541	220.563
22551	220.639
22561	220.721
22571	220.838
22581	220.92
22591	221.057
22601	221.153
22611	221.248
22621	221.358
22631	221.453
22641	221.513
22651	221.564
22661	221.632
22671	221.725
22681	221.808
22691	221.886
22701	221.979
22711	222.053
22721	222.147
22731	222.274
22741	222.351
22751	222.406
22761	222.492
22771	222.584
22781	222.695
22791	222.797
22801	222.899
22811	222.986
22821	223.062
22831	223.113
22841	223.172
22851	223.286
22861	223.363
22871	223.423
22881	223.466
22891	223.509
22901	223.551
22911	223.653
22921	223.714
22931	223.781
22941	223.871
22951	223.989
22961	224.102
22971	224.183
22981	224.291
22991	224.374
23001	224.457
23011	224.518
23021	224.582
23031	224.643
23041	224.682
23051	224.773
23061	224.871
23071	224.953
23081	225.07
23091	225.171
23101	225.285
23111	225.37
23121	225.412
23131	225.456
23141	225.528
23151	225.602
23161	225.684
23171	225.756
23181	225.861
23191	225.942
23201	226.027
23211	226.109
23221	226.229
23231	226.297
23241	226.378
23251	226.434
23261	226.495
23271	226.57
23281	226.706
23291	226.796
23301	226.867
23311	226.936
23321	226.986
23331	227.043
23341	227.089
23351	227.155
23361	227.259
23371	227.341
23381	227.436
23391	227.526
23401	227.609
23411	227.699
23421	227.778
23431	227.852
23441	227.899
23451	227.936
23461	227.981
23471	228.042
23481	228.093
23491	228.136
23501	228.179
23511	228.236
23521	228.328
23531	228.413
23541	228.502
23551	228.568
23561	228.641
23571	228.751
23581	228.843
23591	228.929
23601	229.006
23611	229.059
23621	229.126
23631	229.208
23641	229.275
23651	229.332
23661	229.438
23671	229.538
23681	229.654
23691	229.746
23701	229.804
23711	229.895
23721	229.994
23731	230.06
23741	230.105
23751	230.173
23761	230.268
23771	230.378
23781	230.481
23791	230.545
23801	230.596
23811	230.635
23821	230.694
23831	230.776
23841	230.883
23851	230.953
23861	231.045
23871	231.139
23881	231.203
23891	231.273
23901	231.375
23911	231.472
23921	231.538
23931	231.596
23941	231.643
23951	231.696
23961	231.774
23971	231.863
23981	231.98
23991	232.082
24001	232.163
24011	232.226
24021	232.301
24031	232.365
24041	232.436
24051	232.515
24061	232.58
24071	232.656
24081	232.745
24091	232.796
24101	232.841
24111	232.904
24121	232.949
24131	233.01
24141	233.117
24151	233.212
24161	233.349
24171	233.446
24181	233.545
24191	233.637
24201	233.727
24211	233.787
24221	233.828
24231	233.867
24241	233.976
24251	234.082
24261	234.181
24271	234.286
24281	234.376
24291	234.466
24301	234.542
24311	234.613
24321	234.655
24331	234.719
24341	234.791
24351	234.878
24361	234.983
24371	235.066
24381	235.144
24391	235.186
24401	235.253
24411	235.329
24421	235.403
24431	235.463
24441	235.54
24451	235.614
24461	235.733
24471	235.836
24481	235.928
24491	236.029
24501	236.11
24511	236.177
24521	236.236
24531	236.274
24541	236.315
24551	236.351
24561	236.398
24571	236.443
24581	236.497
24591	236.571
24601	236.681
24611	236.803
24621	236.902
24631	236.999
24641	237.062
24651	237.114
24661	237.197
24671	237.266
24681	237.326
24691	237.38
24701	237.411
24711	237.467
24721	237.531
24731	237.608
24741	237.667
24751	237.744
24761	237.84
24771	237.904
24781	238.005
24791	238.105
24801	238.186
24811	238.265
24821	238.346
24831	238.405
24841	238.469
24851	238.552
24861	238.634
24871	238.685
24881	238.764
24891	238.829
24901	238.919
24911	239.029
24921	239.12
24931	239.223
24941	239.314
24951	239.395
24961	239.449
24971	239.511
24981	239.565
24991	239.629
25001	239.688
25011	239.754
25021	239.804
25031	239.869
25041	239.955
25051	240.037
25061	240.131
25071	240.206
25081	240.289
25091	240.359
25101	240.429
25111	240.501
25121	240.567
25131	240.638
25141	240.688
25151	240.754
25161	240.789
25171	240.845
25181	240.922
25191	240.999
25201	241.12
25211	241.222
25221	241.28
25231	241.36
25241	241.447
25251	241.507
25261	241.562
25271	241.642
25281	241.698
25291	241.756
25301	241.784
25311	241.826
25321	241.897
25331	241.981
25341	242.073
25351	242.164
25361	242.262
25371	242.363
25381	242.467
25391	242.531
25401	242.6
25411	242.653
25421	242.7
25431	242.731
25441	242.768
25451	242.832
25461	242.913
25471	243.026
25481	243.158
25491	243.268
25501	243.359
25511	243.451
25521	243.498
25531	243.542
25541	243.611
25551	243.664
25561	243.724
25571	243.777
25581	243.878
25591	243.977
25601	244.068
25611	244.191
25621	244.277
25631	244.331
25641	244.397
25651	244.445
25661	244.526
25671	244.571
25681	244.598
25691	244.644
25701	244.715
25711	244.789
25721	244.845
25731	244.929
25741	245.041
25751	245.115
25761	245.199
25771	245.273
25781	245.313
25791	245.368
25801	245.427
25811	245.519
25821	245.614
25831	245.731
25841	245.831
25851	245.935
25861	245.988
25871	246.038
25881	246.072
25891	246.106
25901	246.129
25911	246.156
25921	246.215
25931	246.32
25941	246.409
25951	246.482
25961	246.533
25971	246.597
25981	246.683
25991	246.759
26001	246.85
26011	246.922
26021	247.007
26031	247.101
26041	247.18
26051	247.261
26061	247.338
26071	247.398
26081	247.471
26091	247.556
26101	247.65
26111	247.707
26121	247.792
26131	247.916
26141	248.008
26151	248.116
26161	248.183
26171	248.216
26181	248.246
26191	248.284
26201	248.377
26211	248.459
26221	248.572
26231	248.646
26241	248.757
26251	248.837
26261	248.945
26271	249.039
26281	249.134
26291	249.187
26301	249.226
26311	249.289
26321	249.368
26331	249.424
26341	249.504
26351	249.56
26361	249.663
26371	249.752
26381	249.814
26391	249.867
26401	249.924
26411	250.023
26421	250.106
26431	250.198
26441	250.274
26451	250.341
26461	250.439
26471	250.538
26481	250.599
26491	250.66
26501	250.7
26511	250.739
26521	250.787
26531	250.835
26541	250.904
26551	251.011
26561	251.094
26571	251.179
26581	251.253
26591	251.35
26601	251.468
26611	251.556
26621	251.646
26631	251.732
26641	251.786
26651	251.83
26661	251.867
26671	251.914
26681	251.952
26691	252.003
26701	252.075
26711	252.183
26721	252.318
26731	252.403
26741	252.475
26751	252.547
26761	252.588
26771	252.659
26781	252.739
26791	252.827
26801	252.899
26811	252.982
26821	253.066
26831	253.158
26841	253.23
26851	253.294
26861	253.371
26871	253.431
26881	253.488
26891	253.539
26901	253.627
26911	253.752
26921	253.864
26931	253.956
26941	254.054
26951	254.151
26961	254.244
26971	254.303
26981	254.373
26991	254.418
27001	254.439
27011	254.489
27021	254.542
27031	254.639
27041	254.716
27051	254.866
27061	254.993
27071	255.11
27081	255.184
27091	255.232
27101	255.29
27111	255.317
27121	255.353
27131	255.396
27141	255.431
27151	255.46
27161	255.494
27171	255.584
27181	255.654
27191	255.751
27201	255.84
27211	255.925
27221	255.989
27231	256.064
27241	256.16
27251	256.233
27261	256.286
27271	256.344
27281	256.404
27291	256.481
27301	256.537
27311	256.623
27321	256.704
27331	256.808
27341	256.933
27351	257.034
27361	257.121
27371	257.184
27381	257.244
27391	257.284
27401	257.362
27411	257.453
27421	257.56
27431	257.665
27441	257.744
27451	257.81
27461	257.862
27471	257.918
27481	258.003
27491	258.087
27501	258.175
27511	258.278
27521	258.373
27531	258.443
27541	258.487
27551	258.521
27561	258.548
27571	258.597
27581	258.652
27591	258.733
27601	258.803
27611	258.906
27621	259.006
27631	259.129
27641	259.235
27651	259.31
27661	259.381
27671	259.433
27681	259.491
27691	259.524
27701	259.563
27711	259.596
27721	259.631
27731	259.71
27741	259.764
27751	259.878
27761	259.977
27771	260.056
27781	260.134
27791	260.235
27801	260.323
27811	260.382
27821	260.436
27831	260.479
27841	260.516
27851	260.572
27861	260.666
27871	260.741
27881	260.812
27891	260.865
27901	260.914
27911	260.955
27921	260.996
27931	261.041
27941	261.126
27951	261.228
27961	261.301
27971	261.381
27981	261.447
27991	261.532
28001	261.629
28011	261.686
28021	261.732
28031	261.79
28041	261.851
28051	261.928
28061	262
28071	262.052
28081	262.119
28091	262.183
28101	262.284
28111	262.395
28121	262.47
28131	262.528
28141	262.583
28151	262.644
28161	262.734
28171	262.809
28181	262.861
28191	262.903
28201	262.986
28211	263.1
28221	263.174
28231	263.253
28241	263.314
28251	263.363
28261	263.422
28271	263.475
28281	263.551
28291	263.616
28301	263.662
28311	263.688
28321	263.705
28331	263.753
28341	263.851
28351	263.953
28361	264.033
28371	264.111
28381	264.196
28391	264.274
28401	264.362
28411	264.422
28421	264.488
28431	264.563
28441	264.604
28451	264.68
28461	264.77
28471	264.834
28481	264.912
28491	264.972
28501	265.031
28511	265.146
28521	265.228
28531	265.3
28541	265.34
28551	265.371
28561	265.399
28571	265.454
28581	265.522
28591	265.568
28601	265.605
28611	265.694
28621	265.764
28631	265.855
28641	265.942
28651	266.001
28661	266.083
28671	266.18
28681	266.266
28691	266.325
28701	266.388
28711	266.434
28721	266.484
28731	266.572
28741	266.649
28751	266.699
28761	266.775
28771	266.842
28781	266.914
28791	267.043
28801	267.155
28811	267.271
28821	267.358
28831	267.419
28841	267.47
28851	267.517
28861	267.562
28871	267.62
28881	267.707
28891	267.738
28901	267.763
28911	267.79
28921	267.839
28931	267.91
28941	267.971
28951	268.028
28961	268.08
28971	268.15
28981	268.224
28991	268.293
29001	268.385
29011	268.455
29021	268.552
29031	268.608
29041	268.667
29051	268.732
29061	268.774
29071	268.841
29081	268.889
29091	268.946
29101	269.026
29111	269.14
29121	269.208
29131	269.301
29141	269.405
29151	269.479
29161	269.533
29171	269.595
29181	269.64
29191	269.696
29201	269.759
29211	269.822
29221	269.912
29231	269.996
29241	270.067
29251	270.152
29261	270.227
29271	270.277
29281	270.35
29291	270.437
29301	270.481
29311	270.54
29321	270.608
29331	270.64
29341	270.726
29351	270.806
29361	270.886
29371	270.969
29381	271.053
29391	271.137
29401	271.187
29411	271.26
29421	271.315
29431	271.353
29441	271.384
29451	271.431
29461	271.51
29471	271.607
29481	271.659
29491	271.748
29501	271.784
29511	271.819
29521	271.849
29531	271.896
29541	271.939
29551	272.012
29561	272.075
29571	272.156
29581	272.222
29591	272.284
29601	272.383
29611	272.458
29621	272.547
29631	272.634
29641	272.729
29651	272.788
29661	272.853
29671	272.913
29681	273.015
29691	273.102
29701	273.186
29711	273.244
29721	273.308
29731	273.386
29741	273.464
29751	273.558
29761	273.61
29771	273.653
29781	273.695
29791	273.759
29801	273.8
29811	273.883
29821	273.983
29831	274.08
29841	274.184
29851	274.279
29861	274.35
29871	274.415
29881	274.465
29891	274.497
29901	274.533
29911	274.576
29921	274.632
29931	274.686
29941	274.76
29951	274.845
29961	274.954
29971	275.035
29981	275.106
29991	275.173
30001	275.214
30011	275.255
30021	275.339
30031	275.408
30041	275.461
30051	275.54
30061	275.63
30071	275.7
30081	275.803
30091	275.858
30101	275.911
30111	275.961
30121	275.993
30131	276.017
30141	276.04
30151	276.072
30161	276.103
30171	276.129
30181	276.156
30191	276.24
30201	276.309
30211	276.352
30221	276.421
30231	276.488
30241	276.555
30251	276.621
30261	276.703
30271	276.757
30281	276.83
30291	276.925
30301	276.997
30311	277.054
30321	277.125
30331	277.218
30341	277.305
30351	277.387
30361	277.432
30371	277.472
30381	277.527
30391	277.571
30401	277.605
30411	277.657
30421	277.746
30431	277.841
30441	277.9
30451	277.949
30461	278.006
30471	278.097
30481	278.16
30491	278.203
30501	278.268
30511	278.326
30521	278.386
30531	278.45
30541	278.527
30551	278.585
30561	278.65
30571	278.708
30581	278.775
30591	278.838
30601	278.867
30611	278.908
30621	278.993
30631	279.067
30641	279.164
30651	279.216
30661	279.286
30671	279.335
30681	279.432
30691	279.538
30701	279.588
30711	279.64
30721	279.695
30731	279.722
30741	279.757
30751	279.778
30761	279.818
30771	279.884
30781	279.966
30791	280.057
30801	280.144
30811	280.233
30821	280.313
30831	280.363
30841	280.432
30851	280.507
30861	280.566
30871	280.621
30881	280.69
30891	280.758
30901	280.829
30911	280.889
30921	280.945
30931	281.01
30941	281.067
30951	281.114
30961	281.161
30971	281.231
30981	281.288
30991	281.335
31001	281.391
31011	281.444
31021	281.513
31031	281.561
31041	281.592
31051	281.658
31061	281.7
31071	281.756
31081	281.804
31091	281.88
31101	281.999
31111	282.121
31121	282.185
31131	282.262
31141	282.318
31151	282.356
31161	282.383
31171	282.42
31181	282.488
31191	282.59
31201	282.665
31211	282.763
31221	282.84
31231	282.905
31241	282.959
31251	283.004
31261	283.033
31271	283.067
31281	283.096
31291	283.13
31301	283.183
31311	283.216
31321	283.241
31331	283.261
31341	283.296
31351	283.357
31361	283.403
31371	283.474
31381	283.552
31391	283.639
31401	283.741
31411	283.835
31421	283.942
31431	284.017
31441	284.086
31451	284.129
31461	284.165
31471	284.205
31481	284.301
31491	284.366
31501	284.445
31511	284.491
31521	284.546
31531	284.603
31541	284.685
31551	284.786
31561	284.85
31571	284.9
31581	284.935
31591	284.977
31601	285.045
31611	285.091
31621	285.146
31631	285.232
31641	285.305
31651	285.372
31661	285.44
31671	285.519
31681	285.589
31691	285.648
31701	285.734
31711	285.802
31721	285.845
31731	285.894
31741	285.925
31751	285.99
31761	286.054
31771	286.135
31781	286.205
31791	286.309
31801	286.384
31811	286.413
31821	286.453
31831	286.524
31841	286.599
31851	286.647
31861	286.699
31871	286.75
31881	286.8
31891	286.837
31901	286.878
31911	286.912
31921	286.944
31931	286.967
31941	287.019
31951	287.097
31961	287.189
31971	287.304
31981	287.406
31991	287.501
32001	287.573
32011	287.612
32021	287.637
32031	287.648
32041	287.682
32051	287.733
32061	287.776
32071	287.852
32081	287.953
32091	288.026
32101	288.108
32111	288.175
32121	288.214
32131	288.271
32141	288.326
32151	288.395
32161	288.451
32171	288.481
32181	288.506
32191	288.548
32201	288.626
32211	288.704
32221	288.783
32231	288.868
32241	288.954
32251	289.025
32261	289.096
32271	289.143
32281	289.185
32291	289.237
32301	289.303
32311	289.348
32321	289.396
32331	289.457
32341	289.488
32351	289.549
32361	289.627
32371	289.729
32381	289.832
32391	289.937
32401	290.018
32411	290.112
32421	290.175
32431	290.231
32441	290.285
32451	290.334
32461	290.382
32471	290.45
32481	290.506
32491	290.586
32501	290.65
32511	290.708
32521	290.75
32531	290.789
32541	290.824
32551	290.841
32561	290.866
32571	290.905
32581	290.944
32591	291.023
32601	291.13
32611	291.215
32621	291.281
32631	291.374
32641	291.463
32651	291.519
32661	291.59
32671	291.645
32681	291.718
32691	291.815
32701	291.878
32711	291.947
32721	291.998
32731	292.034
32741	292.072
32751	292.112
32761	292.139
32771	292.198
32781	292.268
32791	292.339
32801	292.409
32811	292.479
32821	292.518
32831	292.543
32841	292.606
32851	292.662
32861	292.727
32871	292.789
32881	292.862
32891	292.929
32901	293.013
32911	293.098
32921	293.15
32931	293.193
32941	293.235
32951	293.292
32961	293.356
32971	293.382
32981	293.411
32991	293.48
33001	293.532
33011	293.595
33021	293.654
33031	293.741
33041	293.794
33051	293.852
33061	293.924
33071	293.965
33081	294.009
33091	294.05
33101	294.095
33111	294.136
33121	294.174
33131	294.199
33141	294.227
33151	294.249
33161	294.266
33171	294.278
33181	294.304
33191	294.353
33201	294.443
33211	294.504
33221	294.546
33231	294.595
33241	294.629
33251	294.699
33261	294.745
33271	294.822
33281	294.887
33291	294.968
33301	295.029
33311	295.074
33321	295.124
33331	295.177
33341	295.259
33351	295.317
33361	295.363
33371	295.386
33381	295.435
33391	295.496
33401	295.548
33411	295.618
33421	295.671
33431	295.737
33441	295.794
33451	295.889
33461	295.952
33471	296.048
33481	296.111
33491	296.17
33501	296.224
33511	296.273
33521	296.339
33531	296.406
33541	296.446
33551	296.477
33561	296.521
33571	296.551
33581	296.593
33591	296.62
33601	296.672
33611	296.714
33621	296.807
33631	296.902
33641	296.977
33651	297.085
33661	297.173
33671	297.227
33681	297.281
33691	297.322
33701	297.351
33711	297.37
33721	297.386
33731	297.404
33741	297.424
33751	297.438
33761	297.459
33771	297.491
33781	297.532
33791	297.576
33801	297.631
33811	297.681
33821	297.776
33831	297.873
33841	297.968
33851	298.069
33861	298.162
33871	298.21
33881	298.274
33891	298.321
33901	298.364
33911	298.39
33921	298.405
33931	298.433
33941	298.454
33951	298.492
33961	298.567
33971	298.663
33981	298.771
33991	298.838
34001	298.886
34011	298.971
34021	299.027
34031	299.074
34041	299.127
34051	299.177
34061	299.232
34071	299.291
34081	299.374
34091	299.459
34101	299.544
34111	299.619
34121	299.693
34131	299.756
34141	299.817
34151	299.905
34161	299.972
34171	300.04
34181	300.079
34191	300.108
34201	300.148
34211	300.181
34221	300.224
34231	300.308
34241	300.377
34251	300.439
34261	300.498
34271	300.55
34281	300.608
34291	300.651
34301	300.689
34311	300.747
34321	300.796
34331	300.838
34341	300.871
34351	300.915
34361	300.972
34371	301.004
34381	301.043
34391	301.075
34401	301.125
34411	301.167
34421	301.232
34431	301.29
34441	301.358
34451	301.417
34461	301.455
34471	301.512
34481	301.541
34491	301.6
34501	301.67
34511	301.712
34521	301.764
34531	301.867
34541	301.955
34551	302.012
34561	302.077
34571	302.118
34581	302.141
34591	302.166
34601	302.202
34611	302.249
34621	302.279
34631	302.3
34641	302.336
34651	302.371
34661	302.459
34671	302.549
34681	302.616
34691	302.662
34701	302.71
34711	302.768
34721	302.82
34731	302.857
34741	302.939
34751	303.03
34761	303.112
34771	303.177
34781	303.216
34791	303.255
34801	303.311
34811	303.368
34821	303.42
34831	303.462
34841	303.507
34851	303.593
34861	303.652
34871	303.713
34881	303.78
34891	303.816
34901	303.873
34911	303.92
34921	303.973
34931	304.01
34941	304.037
34951	304.078
34961	304.119
34971	304.172
34981	304.206
34991	304.257
35001	304.323
35011	304.384
35021	304.439
35031	304.478
35041	304.527
35051	304.583
35061	304.636
35071	304.709
35081	304.776
35091	304.817
35101	304.884
35111	304.952
35121	305.025
35131	305.078
35141	305.122
35151	305.153
35161	305.198
35171	305.265
35181	305.339
35191	305.392
35201	305.45
35211	305.484
35221	305.521
35231	305.593
35241	305.669
35251	305.736
35261	305.79
35271	305.834
35281	305.881
35291	305.919
35301	305.971
35311	306.045
35321	306.147
35331	306.196
35341	306.235
35351	306.274
35361	306.32
35371	306.354
35381	306.394
35391	306.433
35401	306.458
35411	306.548
35421	306.639
35431	306.744
35441	306.82
35451	306.909
35461	306.955
35471	306.981
35481	307.014
35491	307.047
35501	307.081
35511	307.094
35521	307.103
35531	307.113
35541	307.119
35551	307.145
35561	307.215
35571	307.299
35581	307.351
35591	307.406
35601	307.478
35611	307.538
35621	307.609
35631	307.669
35641	307.724
35651	307.764
35661	307.831
35671	307.881
35681	307.94
35691	308.002
35701	308.053
35711	308.095
35721	308.134
35731	308.171
35741	308.213
35751	308.278
35761	308.319
35771	308.381
35781	308.448
35791	308.523
35801	308.619
35811	308.705
35821	308.755
35831	308.83
35841	308.899
35851	308.952
35861	309.015
35871	309.079
35881	309.12
35891	309.193
35901	309.267
35911	309.355
35921	309.417
35931	309.489
35941	309.534
35951	309.558
35961	309.584
35971	309.619
35981	309.641
35991	309.703
36001	309.747
36011	309.809
36021	309.895
36031	309.992
36041	310.072
36051	310.145
36061	310.2
36071	310.224
36081	310.268
36091	310.31
36101	310.376
36111	310.429
36121	310.473
36131	310.502
36141	310.534
36151	310.556
36161	310.594
36171	310.623
36181	310.656
36191	310.692
36201	310.74
36211	310.771
36221	310.815
36231	310.87
36241	310.961
36251	311.052
36261	311.137
36271	311.19
36281	311.237
36291	311.304
36301	311.378
36311	311.432
36321	311.473
36331	311.494
36341	311.526
36351	311.575
36361	311.622
36371	311.65
36381	311.71
36391	311.794
36401	311.848
36411	311.909
36421	311.959
36431	312.024
36441	312.079
36451	312.12
36461	312.155
36471	312.194
36481	312.225
36491	312.278
36501	312.332
36511	312.375
36521	312.417
36531	312.471
36541	312.524
36551	312.571
36561	312.633
36571	312.683
36581	312.727
36591	312.769
36601	312.82
36611	312.891
36621	312.951
36631	313.033
36641	313.087
36651	313.163
36661	313.221
36671	313.259
36681	313.349
36691	313.406
36701	313.463
36711	313.504
36721	313.539
36731	313.557
36741	313.594
36751	313.631
36761	313.659
36771	313.679
36781	313.736
36791	313.796
36801	313.848
36811	313.903
36821	313.948
36831	313.978
36841	314.076
36851	314.165
36861	314.24
36871	314.294
36881	314.363
36891	314.422
36901	314.47
36911	314.506
36921	314.562
36931	314.618
36941	314.647
36951	314.672
36961	314.716
36971	314.761
36981	314.796
36991	314.832
37001	314.873
37011	314.903
37021	314.949
37031	315.019
37041	315.075
37051	315.129
37061	315.199
37071	315.253
37081	315.298
37091	315.332
37101	315.382
37111	315.437
37121	315.489
37131	315.563
37141	315.619
37151	315.676
37161	315.739
37171	315.8
37181	315.842
37191	315.876
37201	315.925
37211	315.987
37221	316.056
37231	316.087
37241	316.157
37251	316.232
37261	316.297
37271	316.349
37281	316.444
37291	316.528
37301	316.586
37311	316.63
37321	316.665
37331	316.683
37341	316.7
37351	316.724
37361	316.741
37371	316.75
37381	316.772
37391	316.78
37401	316.803
37411	316.846
37421	316.914
37431	316.99
37441	317.049
37451	317.136
37461	317.191
37471	317.226
37481	317.273
37491	317.333
37501	317.365
37511	317.392
37521	317.42
37531	317.48
37541	317.564
37551	317.636
37561	317.706
37571	317.752
37581	317.78
37591	317.804
37601	317.843
37611	317.892
37621	317.923
37631	317.953
37641	317.98
37651	318.02
37661	318.057
37671	318.107
37681	318.18
37691	318.249
37701	318.327
37711	318.387
37721	318.432
37731	318.462
37741	318.503
37751	318.561
37761	318.597
37771	318.65
37781	318.704
37791	318.727
37801	318.762
37811	318.788
37821	318.824
37831	318.87
37841	318.911
37851	318.947
37861	318.997
37871	319.073
37881	319.16
37891	319.23
37901	319.279
37911	319.325
37921	319.36
37931	319.387
37941	319.401
37951	319.41
37961	319.416
37971	319.421
37981	319.44
37991	319.464
38001	319.484
38011	319.517
38021	319.564
38031	319.611
38041	319.645
38051	319.68
38061	319.734
38071	319.804
38081	319.883
38091	319.965
38101	320.03
38111	320.089
38121	320.137
38131	320.168
38141	320.214
38151	320.254
38161	320.321
38171	320.375
38181	320.433
38191	320.503
38201	320.556
38211	320.612
38221	320.684
38231	320.746
38241	320.827
38251	320.892
38261	320.941
38271	321.009
38281	321.06
38291	321.081
38301	321.116
38311	321.154
38321	321.196
38331	321.243
38341	321.301
38351	321.358
38361	321.432
38371	321.468
38381	321.516
38391	321.577
38401	321.625
38411	321.653
38421	321.708
38431	321.804
38441	321.874
38451	321.92
38461	321.961
38471	321.999
38481	322.052
38491	322.088
38501	322.104
38511	322.113
38521	322.119
38531	322.132
38541	322.149
38551	322.177
38561	322.203
38571	322.238
38581	322.27
38591	322.315
38601	322.359
38611	322.431
38621	322.514
38631	322.575
38641	322.607
38651	322.661
38661	322.715
38671	322.768
38681	322.822
38691	322.879
38701	322.939
38711	322.989
38721	323.054
38731	323.113
38741	323.149
38751	323.203
38761	323.272
38771	323.333
38781	323.376
38791	323.395
38801	323.411
38811	323.45
38821	323.485
38831	323.518
38841	323.535
38851	323.554
38861	323.614
38871	323.692
38881	323.802
38891	323.886
38901	324.004
38911	324.073
38921	324.132
38931	324.174
38941	324.226
38951	324.283
38961	324.312
38971	324.333
38981	324.355
38991	324.394
39001	324.43
39011	324.474
39021	324.504
39031	324.547
39041	324.593
39051	324.652
39061	324.699
39071	324.749
39081	324.791
39091	324.832
39101	324.861
39111	324.881
39121	324.902
39131	324.956
39141	324.998
39151	325.038
39161	325.086
39171	325.121
39181	325.176
39191	325.221
39201	325.257
39211	325.288
39221	325.321
39231	325.355
39241	325.403
39251	325.444
39261	325.493
39271	325.538
39281	325.579
39291	325.618
39301	325.695
39311	325.782
39321	325.83
39331	325.899
39341	325.954
39351	326.004
39361	326.056
39371	326.093
39381	326.122
39391	326.14
39401	326.179
39411	326.252
39421	326.32
39431	326.361
39441	326.392
39451	326.434
39461	326.456
39471	326.5
39481	326.562
39491	326.608
39501	326.639
39511	326.659
39521	326.683
39531	326.716
39541	326.736
39551	326.76
39561	326.784
39571	326.813
39581	326.851
39591	326.923
39601	326.999
39611	327.072
39621	327.131
39631	327.179
39641	327.21
39651	327.241
39661	327.295
39671	327.337
39681	327.387
39691	327.452
39701	327.498
39711	327.565
39721	327.649
39731	327.691
39741	327.738
39751	327.774
39761	327.793
39771	327.833
39781	327.866
39791	327.917
39801	327.948
39811	327.982
39821	328.004
39831	328.053
39841	328.078
39851	328.11
39861	328.141
39871	328.183
39881	328.203
39891	328.281
39901	328.32
39911	328.377
39921	328.431
39931	328.49
39941	328.525
39951	328.575
39961	328.634
39971	328.673
39981	328.718
39991	328.761
40001	328.788
40011	328.823
40021	328.862
40031	328.897
40041	328.935
40051	328.982
40061	329.028
40071	329.08
40081	329.11
40091	329.158
40101	329.233
40111	329.3
40121	329.383
40131	329.45
40141	329.499
40151	329.529
40161	329.558
40171	329.596
40181	329.629
40191	329.653
40201	329.679
40211	329.696
40221	329.742
40231	329.786
40241	329.837
40251	329.882
40261	329.938
40271	329.978
40281	330.029
40291	330.075
40301	330.135
40311	330.184
40321	330.216
40331	330.25
40341	330.287
40351	330.315
40361	330.334
40371	330.347
40381	330.373
40391	330.42
40401	330.464
40411	330.528
40421	330.603
40431	330.674
40441	330.726
40451	330.783
40461	330.826
40471	330.863
40481	330.912
40491	330.949
40501	331.013
40511	331.08
40521	331.128
40531	331.185
40541	331.22
40551	331.261
40561	331.295
40571	331.339
40581	331.372
40591	331.408
40601	331.449
40611	331.492
40621	331.521
40631	331.567
40641	331.599
40651	331.638
40661	331.665
40671	331.708
40681	331.757
40691	331.822
40701	331.889
40711	331.948
40721	332.013
40731	332.073
40741	332.1
40751	332.12
40761	332.149
40771	332.196
40781	332.245
40791	332.294
40801	332.342
40811	332.386
40821	332.411
40831	332.46
40841	332.517
40851	332.566
40861	332.608
40871	332.663
40881	332.699
40891	332.742
40901	332.759
40911	332.785
40921	332.803
40931	332.824
40941	332.836
40951	332.855
40961	332.869
40971	332.88
40981	332.887
40991	332.9
41001	332.949
41011	332.975
41021	333.003
41031	333.035
41041	333.07
41051	333.118
41061	333.187
41071	333.255
41081	333.323
41091	333.39
41101	333.455
41111	333.497
41121	333.546
41131	333.572
41141	333.605
41151	333.624
41161	333.641
41171	333.663
41181	333.687
41191	333.703
41201	333.718
41211	333.738
41221	333.792
41231	333.827
41241	333.87
41251	333.912
41261	333.953
41271	333.973
41281	334.029
41291	334.068
41301	334.109
41311	334.151
41321	334.211
41331	334.274
41341	334.337
41351	334.378
41361	334.418
41371	334.456
41381	334.526
41391	334.58
41401	334.609
41411	334.645
41421	334.694
41431	334.734
41441	334.762
41451	334.788
41461	334.812
41471	334.841
41481	334.891
41491	334.948
41501	335.002
41511	335.033
41521	335.068
41531	335.091
41541	335.125
41551	335.147
41561	335.167
41571	335.178
41581	335.185
41591	335.191
41601	335.204
41611	335.236
41621	335.256
41631	335.284
41641	335.357
41651	335.437
41661	335.496
41671	335.553
41681	335.578
41691	335.625
41701	335.677
41711	335.718
41721	335.749
41731	335.785
41741	335.829
41751	335.86
41761	335.894
41771	335.917
41781	335.936
41791	335.982
41801	336.01
41811	336.034
41821	336.078
41831	336.146
41841	336.216
41851	336.28
41861	336.316
41871	336.363
41881	336.4
41891	336.431
41901	336.457
41911	336.476
41921	336.493
41931	336.526
41941	336.564
41951	336.63
41961	336.691
41971	336.749
41981	336.79
41991	336.825
42001	336.875
42011	336.914
42021	336.942
42031	336.976
42041	337.019
42051	337.086
42061	337.139
42071	337.18
42081	337.226
42091	337.249
42101	337.297
42111	337.332
42121	337.356
42131	337.392
42141	337.423
42151	337.461
42161	337.489
42171	337.517
42181	337.543
42191	337.58
42201	337.616
42211	337.635
42221	337.68
42231	337.721
42241	337.787
42251	337.87
42261	337.922
42271	337.958
42281	337.99
42291	338.021
42301	338.052
42311	338.081
42321	338.105
42331	338.129
42341	338.159
42351	338.183
42361	338.218
42371	338.243
42381	338.276
42391	338.294
42401	338.347
42411	338.396
42421	338.454
42431	338.499
42441	338.537
42451	338.568
42461	338.588
42471	338.625
42481	338.693
42491	338.779
42501	338.853
42511	338.918
42521	338.995
42531	339.066
42541	339.113
42551	339.161
42561	339.186
42571	339.203
42581	339.219
42591	339.233
42601	339.248
42611	339.254
42621	339.272
42631	339.308
42641	339.399
42651	339.47
42661	339.518
42671	339.572
42681	339.631
42691	339.681
42701	339.716
42711	339.75
42721	339.809
42731	339.872
42741	339.907
42751	339.934
42761	339.979
42771	340.009
42781	340.031
42791	340.042
42801	340.052
42811	340.075
42821	340.094
42831	340.134
42841	340.163
42851	340.208
42861	340.279
42871	340.343
42881	340.382
42891	340.454
42901	340.502
42911	340.542
42921	340.592
42931	340.629
42941	340.656
42951	340.688
42961	340.704
42971	340.712
42981	340.727
42991	340.739
43001	340.796
43011	340.827
43021	340.849
43031	340.876
43041	340.9
43051	340.938
43061	341.005
43071	341.066
43081	341.124
43091	341.18
43101	341.22
43111	341.269
43121	341.306
43131	341.36
43141	341.401
43151	341.445
43161	341.467
43171	341.482
43181	341.505
43191	341.539
43201	341.563
43211	341.578
43221	341.607
43231	341.645
43241	341.678
43251	341.723
43261	341.754
43271	341.827
43281	341.918
43291	341.982
43301	342.024
43311	342.076
43321	342.103
43331	342.137
43341	342.157
43351	342.171
43361	342.224
43371	342.248
43381	342.264
43391	342.278
43401	342.283
43411	342.297
43421	342.334
43431	342.385
43441	342.425
43451	342.473
43461	342.52
43471	342.588
43481	342.626
43491	342.663
43501	342.68
43511	342.694
43521	342.702
43531	342.733
43541	342.749
43551	342.774
43561	342.8
43571	342.814
43581	342.847
43591	342.87
43601	342.886
43611	342.899
43621	342.959
43631	343.01
43641	343.061
43651	343.093
43661	343.117
43671	343.135
43681	343.157
43691	343.179
43701	343.231
43711	343.262
43721	343.305
43731	343.348
43741	343.39
43751	343.443
43761	343.505
43771	343.547
43781	343.614
43791	343.66
43801	343.702
43811	343.758
43821	343.786
43831	343.805
43841	343.813
43851	343.837
43861	343.857
43871	343.882
43881	343.909
43891	343.934
43901	343.947
43911	343.954
43921	343.959
43931	343.991
43941	344.022
43951	344.057
43961	344.094
43971	344.133
43981	344.162
43991	344.181
44001	344.207
44011	344.255
44021	344.302
44031	344.35
44041	344.406
44051	344.438
44061	344.47
44071	344.51
44081	344.546
44091	344.608
44101	344.629
44111	344.671
44121	344.691
44131	344.75
44141	344.796
44151	344.831
44161	344.861
44171	344.875
44181	344.895
44191	344.922
44201	344.961
44211	345
44221	345.042
44231	345.066
44241	345.092
44251	345.119
44261	345.14
44271	345.156
44281	345.2
44291	345.227
44301	345.245
44311	345.285
44321	345.321
44331	345.369
44341	345.412
44351	345.453
44361	345.486
44371	345.52
44381	345.557
44391	345.6
44401	345.653
44411	345.696
44421	345.755
44431	345.796
44441	345.833
44451	345.86
44461	345.891
44471	345.954
44481	345.997
44491	346.023
44501	346.039
44511	346.077
44521	346.109
44531	346.125
44541	346.146
44551	346.161
44561	346.172
44571	346.179
44581	346.185
44591	346.206
44601	346.248
44611	346.278
44621	346.314
44631	346.364
44641	346.409
44651	346.451
44661	346.477
44671	346.508
44681	346.536
44691	346.556
44701	346.569
44711	346.622
44721	346.656
44731	346.683
44741	346.701
44751	346.725
44761	346.743
44771	346.79
44781	346.826
44791	346.862
44801	346.902
44811	346.925
44821	346.953
44831	346.979
44841	347.003
44851	347.055
44861	347.093
44871	347.119
44881	347.157
44891	347.197
44901	347.242
44911	347.285
44921	347.329
44931	347.378
44941	347.414
44951	347.445
44961	347.472
44971	347.5
44981	347.527
44991	347.547
45001	347.612
45011	347.66
45021	347.703
45031	347.729
45041	347.767
45051	347.805
45061	347.826
45071	347.861
45081	347.896
45091	347.932
45101	347.968
45111	347.997
45121	348.007
45131	348.037
45141	348.051
45151	348.066
45161	348.088
45171	348.123
45181	348.144
45191	348.165
45201	348.186
45211	348.212
45221	348.226
45231	348.243
45241	348.251
45251	348.276
45261	348.29
45271	348.313
45281	348.347
45291	348.379
45301	348.412
45311	348.438
45321	348.484
45331	348.527
45341	348.553
45351	348.593
45361	348.626
45371	348.677
45381	348.707
45391	348.751
45401	348.78
45411	348.795
45421	348.826
45431	348.843
45441	348.851
45451	348.859
45461	348.881
45471	348.899
45481	348.918
45491	348.93
45501	348.945
45511	348.966
45521	348.988
45531	348.999
45541	349.042
45551	349.075
45561	349.097
45571	349.125
45581	349.155
45591	349.177
45601	349.199
45611	349.223
45621	349.243
45631	349.262
45641	349.301
45651	349.371
45661	349.411
45671	349.442
45681	349.479
45691	349.511
45701	349.533
45711	349.583
45721	349.631
45731	349.671
45741	349.686
45751	349.707
45761	349.721
45771	349.747
45781	349.768
45791	349.789
45801	349.812
45811	349.847
45821	349.886
45831	349.913
45841	349.952
45851	349.985
45861	350.023
45871	350.049
45881	350.069
45891	350.102
45901	350.122
45911	350.147
45921	350.165
45931	350.183
45941	350.211
45951	350.241
45961	350.274
45971	350.292
45981	350.311
45991	350.337
46001	350.363
46011	350.375
46021	350.393
46031	350.405
46041	350.43
46051	350.444
46061	350.464
46071	350.507
46081	350.534
46091	350.565
46101	350.605
46111	350.633
46121	350.678
46131	350.72
46141	350.746
46151	350.772
46161	350.796
46171	350.816
46181	350.846
46191	350.861
46201	350.886
46211	350.924
46221	350.957
46231	350.978
46241	350.995
46251	351.02
46261	351.05
46271	351.089
46281	351.114
46291	351.162
46301	351.205
46311	351.267
46321	351.347
46331	351.423
46341	351.466
46351	351.487
46361	351.517
46371	351.534
46381	351.547
46391	351.557
46401	351.565
46411	351.568
46421	351.571
46431	351.572
46441	351.589
46451	351.617
46461	351.636
46471	351.652
46481	351.66
46491	351.682
46501	351.7
46511	351.727
46521	351.756
46531	351.798
46541	351.833
46551	351.856
46561	351.872
46571	351.891
46581	351.919
46591	351.933
46601	351.953
46611	351.994
46621	352.027
46631	352.052
46641	352.076
46651	352.122
46661	352.176
46671	352.223
46681	352.262
46691	352.321
46701	352.349
46711	352.409
46721	352.467
46731	352.499
46741	352.521
46751	352.536
46761	352.546
46771	352.575
46781	352.604
46791	352.636
46801	352.656
46811	352.673
46821	352.683
46831	352.703
46841	352.711
46851	352.73
46861	352.76
46871	352.798
46881	352.833
46891	352.855
46901	352.89
46911	352.944
46921	352.985
46931	353.008
46941	353.04
46951	353.084
46961	353.111
46971	353.138
46981	353.175
46991	353.192
47001	353.214
47011	353.246
47021	353.263
47031	353.285
47041	353.303
47051	353.32
47061	353.35
47071	353.393
47081	353.422
47091	353.454
47101	353.499
47111	353.542
47121	353.57
47131	353.593
47141	353.632
47151	353.657
47161	353.696
47171	353.734
47181	353.771
47191	353.795
47201	353.827
47211	353.858
47221	353.895
47231	353.93
47241	353.956
47251	353.98
47261	353.999
47271	354.041
47281	354.073
47291	354.091
47301	354.108
47311	354.129
47321	354.149
47331	354.18
47341	354.215
47351	354.258
47361	354.28
47371	354.311
47381	354.33
47391	354.341
47401	354.361
47411	354.377
47421	354.404
47431	354.436
47441	354.477
47451	354.508
47461	354.575
47471	354.617
47481	354.661
47491	354.683
47501	354.697
47511	354.717
47521	354.735
47531	354.745
47541	354.761
47551	354.771
47561	354.776
47571	354.782
47581	354.795
47591	354.815
47601	354.85
47611	354.884
47621	354.904
47631	354.942
47641	354.985
47651	355.021
47661	355.068
47671	355.094
47681	355.118
47691	355.132
47701	355.149
47711	355.201
47721	355.239
47731	355.274
47741	355.302
47751	355.323
47761	355.341
47771	355.362
47781	355.376
47791	355.4
47801	355.421
47811	355.447
47821	355.474
47831	355.494
47841	355.515
47851	355.535
47861	355.578
47871	355.61
47881	355.646
47891	355.694
47901	355.724
47911	355.756
47921	355.782
47931	355.798
47941	355.823
47951	355.851
47961	355.878
47971	355.9
47981	355.939
47991	355.959
48001	355.973
48011	355.989
48021	356.005
48031	356.012
48041	356.033
48051	356.07
48061	356.099
48071	356.125
48081	356.145
48091	356.164
48101	356.186
48111	356.211
48121	356.229
48131	356.241
48141	356.275
48151	356.293
48161	356.328
48171	356.346
48181	356.365
48191	356.376
48201	356.382
48211	356.395
48221	356.409
48231	356.437
48241	356.474
48251	356.517
48261	356.545
48271	356.566
48281	356.576
48291	356.584
48301	356.588
48311	356.623
48321	356.682
48331	356.739
48341	356.771
48351	356.812
48361	356.825
48371	356.847
48381	356.864
48391	356.883
48401	356.898
48411	356.926
48421	356.956
48431	356.969
48441	356.987
48451	357.024
48461	357.05
48471	357.068
48481	357.109
48491	357.154
48501	357.199
48511	357.24
48521	357.275
48531	357.304
48541	357.326
48551	357.338
48561	357.356
48571	357.385
48581	357.416
48591	357.45
48601	357.473
48611	357.497
48621	357.525
48631	357.536
48641	357.553
48651	357.572
48661	357.59
48671	357.601
48681	357.613
48691	357.619
48701	357.628
48711	357.662
48721	357.711
48731	357.76
48741	357.787
48751	357.799
48761	357.804
48771	357.809
48781	357.814
48791	357.82
48801	357.833
48811	357.851
48821	357.878
48831	357.9
48841	357.935
48851	357.973
48861	357.997
48871	358.011
48881	358.042
48891	358.08
48901	358.123
48911	358.155
48921	358.183
48931	358.213
48941	358.264
48951	358.303
48961	358.32
48971	358.335
48981	358.357
48991	358.37
49001	358.392
49011	358.406
49021	358.424
49031	358.456
49041	358.481
49051	358.502
49061	358.517
49071	358.551
49081	358.579
49091	358.598
49101	358.611
49111	358.618
49121	358.622
49131	358.624
49141	358.627
49151	358.654
49161	358.674
49171	358.72
49181	358.762
49191	358.797
49201	358.824
49211	358.848
49221	358.884
49231	358.923
49241	358.952
49251	358.969
49261	359.001
49271	359.055
49281	359.112
49291	359.139
49301	359.19
49311	359.262
49321	359.318
49331	359.345
49341	359.375
49351	359.418
49361	359.445
49371	359.477
49381	359.493
49391	359.507
49401	359.514
49411	359.52
49421	359.533
49431	359.543
49441	359.565
49451	359.587
49461	359.602
49471	359.61
49481	359.619
49491	359.623
49501	359.634
49511	359.643
49521	359.65
49531	359.655
49541	359.684
49551	359.714
49561	359.755
49571	359.808
49581	359.858
49591	359.902
49601	359.925
49611	359.939
49621	359.968
49631	360.015
49641	360.054
49651	360.077
49661	360.103
49671	360.126
49681	360.14
49691	360.159
49701	360.169
49711	360.181
49721	360.193
49731	360.202
49741	360.209
49751	360.226
49761	360.248
49771	360.274
49781	360.312
49791	360.353
49801	360.379
49811	360.416
49821	360.438
49831	360.465
49841	360.479
49851	360.489
49861	360.518
49871	360.548
49881	360.565
49891	360.587
49901	360.602
49911	360.615
49921	360.62
49931	360.625
49941	360.627
49951	360.629
49961	360.637
49971	360.643
49981	360.649
49991	360.656
50001	360.66
50011	360.668
50021	360.679
50031	360.694
50041	360.722
50051	360.733
50061	360.747
50071	360.764
50081	360.775
50091	360.8
50101	360.812
50111	360.828
50121	360.842
50131	360.857
50141	360.872
50151	360.895
50161	360.906
50171	360.914
50181	360.929
50191	360.94
50201	360.947
50211	360.967
50221	360.99
50231	361.022
50241	361.079
50251	361.112
50261	361.142
50271	361.16
50281	361.185
50291	361.207
50301	361.244
50311	361.265
50321	361.274
50331	361.29
50341	361.306
50351	361.313
50361	361.318
50371	361.321
50381	361.334
50391	361.365
50401	361.39
50411	361.404
50421	361.425
50431	361.459
50441	361.49
50451	361.532
50461	361.557
50471	361.569
50481	361.58
50491	361.621
50501	361.645
50511	361.67
50521	361.691
50531	361.736
50541	361.775
50551	361.79
50561	361.822
50571	361.83
50581	361.847
50591	361.872
50601	361.89
50611	361.909
50621	361.928
50631	361.938
50641	361.952
50651	361.98
50661	361.995
50671	362.019
50681	362.033
50691	362.045
50701	362.061
50711	362.076
50721	362.105
50731	362.135
50741	362.192
50751	362.244
50761	362.272
50771	362.294
50781	362.307
50791	362.313
50801	362.318
50811	362.335
50821	362.344
50831	362.35
50841	362.357
50851	362.374
50861	362.386
50871	362.39
50881	362.393
50891	362.407
50901	362.415
50911	362.429
50921	362.446
50931	362.462
50941	362.474
50951	362.494
50961	362.508
50971	362.525
50981	362.542
50991	362.562
51001	362.573
51011	362.583
51021	362.599
51031	362.633
51041	362.657
51051	362.675
51061	362.696
51071	362.707
51081	362.717
51091	362.732
51101	362.754
51111	362.777
51121	362.803
51131	362.824
51141	362.846
51151	362.884
51161	362.905
51171	362.936
51181	362.964
51191	362.985
51201	363.021
51211	363.056
51221	363.078
51231	363.099
51241	363.111
51251	363.128
51261	363.143
51271	363.157
51281	363.176
51291	363.197
51301	363.209
51311	363.217
51321	363.237
51331	363.259
51341	363.274
51351	363.29
51361	363.304
51371	363.311
51381	363.319
51391	363.325
51401	363.328
51411	363.33
51421	363.332
51431	363.332
51441	363.333
51451	363.345
51461	363.355
51471	363.361
51481	363.377
51491	363.384
51501	363.39
51511	363.394
51521	363.43
51531	363.457
51541	363.481
51551	363.488
51561	363.492
51571	363.496
51581	363.52
51591	363.545
51601	363.572
51611	363.625
51621	363.65
51631	363.687
51641	363.722
51651	363.75
51661	363.778
51671	363.793
51681	363.821
51691	363.836
51701	363.843
51711	363.852
51721	363.86
51731	363.875
51741	363.897
51751	363.909
51761	363.917
51771	363.93
51781	363.948
51791	363.963
51801	363.973
51811	363.98
51821	363.999
51831	364.01
51841	364.024
51851	364.039
51861	364.049
51871	364.056
51881	364.095
51891	364.14
51901	364.177
51911	364.212
51921	364.243
51931	364.259
51941	364.273
51951	364.281
51961	364.286
51971	364.289
51981	364.291
51991	364.299
52001	364.308
52011	364.315
52021	364.333
52031	364.344
52041	364.359
52051	364.371
52061	364.379
52071	364.395
52081	364.427
52091	364.461
52101	364.484
52111	364.499
52121	364.514
52131	364.52
52141	364.534
52151	364.548
52161	364.553
52171	364.557
52181	364.578
52191	364.604
52201	364.627
52211	364.641
52221	364.651
52231	364.655
52241	364.658
52251	364.672
52261	364.68
52271	364.687
52281	364.691
52291	364.704
52301	364.712
52311	364.732
52321	364.743
52331	364.755
52341	364.788
52351	364.806
52361	364.812
52371	364.818
52381	364.834
52391	364.853
52401	364.87
52411	364.885
52421	364.905
52431	364.929
52441	364.941
52451	364.95
52461	364.956
52471	364.959
52481	364.962
52491	364.967
52501	364.989
52511	365.004
52521	365.027
52531	365.052
52541	365.08
52551	365.099
52561	365.105
52571	365.116
52581	365.133
52591	365.142
52601	365.151
52611	365.157
52621	365.16
52631	365.163
52641	365.164
52651	365.164
52661	365.165
52671	365.165
52681	365.198
52691	365.225
52701	365.239
52711	365.25
52721	365.261
52731	365.274
52741	365.282
52751	365.298
52761	365.328
52771	365.351
52781	365.377
52791	365.396
52801	365.412
52811	365.42
52821	365.424
52831	365.426
52841	365.428
52851	365.43
52861	365.44
52871	365.474
52881	365.505
52891	365.523
52901	365.54
52911	365.56
52921	365.583
52931	365.595
52941	365.606
52951	365.613
52961	365.634
52971	365.646
52981	365.667
52991	365.699
53001	365.714
53011	365.73
53021	365.743
53031	365.749
53041	365.754
53051	365.763
53061	365.789
53071	365.801
53081	365.814
53091	365.822
53101	365.833
53111	365.844
53121	365.851
53131	365.857
53141	365.894
53151	365.916
53161	365.932
53171	365.947
53181	365.976
53191	366.007
53201	366.039
53211	366.068
53221	366.088
53231	366.1
53241	366.111
53251	366.118
53261	366.123
53271	366.126
53281	366.128
53291	366.129
53301	366.13
53311	366.13
53321	366.131
53331	366.131
53341	366.134
53351	366.145
53361	366.154
53371	366.157
53381	366.16
53391	366.162
53401	366.163
53411	366.164
53421	366.175
53431	366.183
53441	366.189
53451	366.192
53461	366.193
53471	366.195
53481	366.197
53491	366.198
53501	366.199
53511	366.199
53521	366.199
53531	366.209
53541	366.215
53551	366.233
53561	366.245
53571	366.252
53581	366.269
53591	366.286
53601	366.301
53611	366.31
53621	366.317
53631	366.323
53641	366.325
53651	366.338
53661	366.347
53671	366.353
53681	366.359
53691	366.362
53701	366.363
53711	366.372
53721	366.384
53731	366.397
53741	366.416
53751	366.419
53761	366.423
53771	366.438
53781	366.454
53791	366.47
53801	366.482
53811	366.489
53821	366.492
53831	366.505
53841	366.517
53851	366.532
53861	366.545
53871	366.555
53881	366.562
53891	366.579
53901	366.598
53911	366.609
53921	366.617
53931	366.622
53941	366.626
53951	366.638
53961	366.648
53971	366.654
53981	366.657
53991	366.673
54001	366.693
54011	366.706
54021	366.718
54031	366.722
54041	366.725
54051	366.725
54061	366.727
54071	366.74
54081	366.748
54091	366.756
54101	366.76
54111	366.761
54121	366.763
54131	366.764
54141	366.765
54151	366.778
54161	366.786
54171	366.791
54181	366.794
54191	366.794
54201	366.795
54211	366.795
54221	366.803
54231	366.817
54241	366.836
54251	366.847
54261	366.853
54271	366.857
54281	366.86
54291	366.861
54301	366.862
54311	366.863
54321	366.864
54331	366.864
54341	366.864
54351	366.865
54361	366.865
54371	366.865
54381	366.866
54391	366.866
54401	366.866
54411	366.866
54421	366.866
54431	366.866
54441	366.866
54451	366.866
54461	366.866
54471	366.866
54481	366.866
54491	366.866
54501	366.866
54511	366.877
54521	366.883
54531	366.89
54541	366.894
54551	366.895
54561	366.903
54571	366.911
54581	366.918
54591	366.922
54601	366.927
54611	366.936
54621	366.945
54631	366.949
54641	366.953
54651	366.958
54661	366.967
54671	366.976
54681	366.982
54691	366.986
54701	366.992
54711	366.995
54721	367.002
54731	367.013
54741	367.02
54751	367.032
54761	367.045
54771	367.05
54781	367.065
54791	367.086
54801	367.107
54811	367.13
54821	367.15
54831	367.17
54841	367.177
54851	367.184
54861	367.188
54871	367.207
54881	367.214
54891	367.218
54901	367.223
54911	367.226
54921	367.228
54931	367.234
54941	367.261
54951	367.277
54961	367.286
54971	367.29
54981	367.292
54991	367.294
55001	367.295
55011	367.297
55021	367.298
55031	367.298
55041	367.298
55051	367.298
55061	367.299
55071	367.299
55081	367.299
55091	367.299
55101	367.299
55111	367.299
55121	367.299
55131	367.305
55141	367.313
55151	367.325
55161	367.328
55171	367.329
55181	367.33
55191	367.334
55201	367.345
55211	367.355
55221	367.359
55231	367.361
55241	367.362
55251	367.363
55261	367.373
55271	367.382
55281	367.388
55291	367.393
55301	367.394
55311	367.396
55321	367.397
55331	367.403
55341	367.413
55351	367.418
55361	367.421
55371	367.425
55381	367.441
55391	367.454
55401	367.466
55411	367.481
55421	367.488
55431	367.491
55441	367.492
55451	367.493
55461	367.494
55471	367.495
55481	367.496
55491	367.497
55501	367.498
55511	367.499
55521	367.513
55531	367.52
55541	367.523
55551	367.527
55561	367.529
55571	367.531
55581	367.531
55591	367.532
55601	367.532
55611	367.532
55621	367.544
55631	367.552
55641	367.556
55651	367.561
55661	367.562
55671	367.563
55681	367.565
55691	367.565
55701	367.565
55711	367.572
55721	367.578
55731	367.587
55741	367.594
55751	367.596
55761	367.597
55771	367.606
55781	367.613
55791	367.631
55801	367.659
55811	367.665
55821	367.678
55831	367.687
55841	367.689
55851	367.692
55861	367.695
55871	367.696
55881	367.697
55891	367.698
55901	367.699
55911	367.699
55921	367.699
55931	367.699
55941	367.699
55951	367.699
55961	367.699
55971	367.699
55981	367.699
55991	367.699
56001	367.699
56011	367.727
56021	367.756
56031	367.782
56041	367.803
56051	367.812
56061	367.818
56071	367.834
56081	367.845
56091	367.849
56101	367.855
56111	367.859
56121	367.86
56131	367.862
56141	367.863
56151	367.863
56161	367.864
56171	367.864
56181	367.873
56191	367.883
56201	367.889
56211	367.893
56221	367.895
56231	367.896
56241	367.897
56251	367.898
56261	367.898
56271	367.898
56281	367.905
56291	367.909
56301	367.92
56311	367.935
56321	367.944
56331	367.952
56341	367.956
56351	367.958
56361	367.961
56371	367.962
56381	367.964
56391	367.964
56401	367.98
56411	367.985
56421	367.987
56431	367.992
56441	367.993
56451	367.995
56461	367.996
56471	367.997
56481	367.997
56491	367.998
56501	368.005
56511	368.013
56521	368.022
56531	368.025
56541	368.027
56551	368.029
56561	368.029
56571	368.031
56581	368.031
56591	368.031
56601	368.032
56611	368.032
56621	368.039
56631	368.048
56641	368.056
56651	368.06
56661	368.062
56671	368.063
56681	368.064
56691	368.065
56701	368.065
56711	368.066
56721	368.066
56731	368.066
56741	368.066
56751	368.066
56761	368.079
56771	368.096
56781	368.113
56791	368.117
56801	368.122
56811	368.128
56821	368.129
56831	368.131
56841	368.131
56851	368.132
56861	368.132
56871	368.144
56881	368.149
56891	368.156
56901	368.16
56911	368.169
56921	368.178
56931	368.182
56941	368.185
56951	368.191
56961	368.194
56971	368.21
56981	368.217
56991	368.22
57001	368.226
57011	368.228
57021	368.23
57031	368.231
57041	368.231
57051	368.238
57061	368.247
57071	368.255
57081	368.259
57091	368.262
57101	368.263
57111	368.264
57121	368.265
57131	368.265
57141	368.268
57151	368.275
57161	368.29
57171	368.291
57181	368.291
57191	368.293
57201	368.295
57211	368.304
57221	368.315
57231	368.319
57241	368.324
57251	368.326
57261	368.327
57271	368.328
57281	368.335
57291	368.347
57301	368.355
57311	368.356
57321	368.361
57331	368.362
57341	368.37
57351	368.38
57361	368.385
57371	368.39
57381	368.392
57391	368.403
57401	368.405
57411	368.406
57421	368.406
57431	368.406
57441	368.42
57451	368.427
57461	368.431
57471	368.433
57481	368.435
57491	368.436
57501	368.438
57511	368.439
57521	368.439
57531	368.44
57541	368.44
57551	368.44
57561	368.44
57571	368.44
57581	368.44
57591	368.44
57601	368.44
57611	368.44
57621	368.44
57631	368.44
57641	368.44
57651	368.44
57661	368.44
57671	368.44
57681	368.44
57691	368.44
57701	368.441
57711	368.441
57721	368.441
57731	368.441
57741	368.441
57751	368.441
57761	368.441
57771	368.441
57781	368.441
57791	368.441
57801	368.441
57811	368.441
57821	368.451
57831	368.462
57841	368.465
57851	368.469
57861	368.47
57871	368.471
57881	368.471
57891	368.472
57901	368.472
57911	368.473
57921	368.473
57931	368.473
57941	368.473
57951	368.473
57961	368.473
57971	368.474
57981	368.474
57991	368.474
58001	368.474
58011	368.474
58021	368.474
58031	368.474
58041	368.474
58051	368.474
58061	368.474
58071	368.474
58081	368.474
58091	368.474
58101	368.482
58111	368.493
58121	368.501
58131	368.502
58141	368.503
58151	368.504
58161	368.505
58171	368.506
58181	368.506
58191	368.507
58201	368.513
58211	368.524
58221	368.531
58231	368.543
58241	368.559
58251	368.563
58261	368.567
58271	368.569
58281	368.575
58291	368.584
58301	368.593
58311	368.6
58321	368.612
58331	368.619
58341	368.627
58351	368.63
58361	368.632
58371	368.635
58381	368.636
58391	368.637
58401	368.638
58411	368.638
58421	368.646
58431	368.657
58441	368.664
58451	368.666
58461	368.669
58471	368.671
58481	368.678
58491	368.685
58501	368.691
58511	368.697
58521	368.699
58531	368.701
58541	368.703
58551	368.704
58561	368.705
58571	368.705
58581	368.706
58591	368.706
58601	368.706
58611	368.707
58621	368.707
58631	368.707
58641	368.707
58651	368.707
58661	368.707
58671	368.707
58681	368.707
58691	368.707
58701	368.719
58711	368.725
58721	368.731
58731	368.734
58741	368.736
58751	368.738
58761	368.739
58771	368.74
58781	368.74
58791	368.74
58801	368.74
58811	368.74
58821	368.741
58831	368.741
58841	368.741
58851	368.741
58861	368.741
58871	368.741
58881	368.741
58891	368.741
58901	368.741
58911	368.741
58921	368.741
58931	368.745
58941	368.757
58951	368.762
58961	368.765
58971	368.768
58981	368.769
58991	368.775
59001	368.781
59011	368.792
59021	368.814
59031	368.843
59041	368.859
59051	368.881
59061	368.901
59071	368.908
59081	368.918
59091	368.923
59101	368.928
59111	368.929
59121	368.931
59131	368.931
59141	368.939
59151	368.951
59161	368.96
59171	368.961
59181	368.963
59191	368.964
59201	368.964
59211	368.965
59221	368.965
59231	368.97
59241	368.976
59251	369.007
59261	369.021
59271	369.049
59281	369.068
59291	369.078
59301	369.086
59311	369.09
59321	369.094
59331	369.096
59341	369.096
59351	369.097
59361	369.098
59371	369.098
59381	369.099
59391	369.099
59401	369.099
59411	369.099
59421	369.099
59431	369.099
59441	369.099
59451	369.099
59461	369.099
59471	369.099
59481	369.099
59491	369.099
59501	369.099
59511	369.099
59521	369.1
59531	369.1
59541	369.1
59551	369.1
59561	369.1
59571	369.1
59581	369.1
59591	369.1
59601	369.1
59611	369.1
59621	369.1
59631	369.1
59641	369.1
59651	369.1
59661	369.106
59671	369.119
59681	369.124
59691	369.126
59701	369.13
59711	369.13
59721	369.13
59731	369.131
59741	369.131
59751	369.132
59761	369.132
59771	369.132
59781	369.132
59791	369.133
59801	369.133
59811	369.133
59821	369.133
59831	369.133
59841	369.133
59851	369.133
59861	369.133
59871	369.133
59881	369.133
59891	369.133
59901	369.133
59911	369.133
59921	369.133
59931	369.133
59941	369.133
59951	369.141
59961	369.15
59971	369.154
59981	369.157
59991	369.162
60001	369.165
