41
80
115
151
184
214
243
268
290
307
324
340
350
360
368
369
40
77
113
148
180
211
240
265
289
309
328
341
352
363
367
368
40
79
116
150
182
211
242
269
293
310
327
337
350
356
364
365
40
75
112
148
180
213
239
266
290
309
327
342
351
360
366
368
42
78
115
152
184
215
243
268
289
308
323
340
352
360
364
367
41
78
113
149
181
213
240
269
293
311
327
341
351
361
364
365
38
75
111
147
179
210
238
263
286
306
328
342
354
364
366
368
41
78
114
148
182
215
240
265
290
309
326
342
353
363
367
368
41
79
116
152
185
216
244
268
292
311
326
338
350
357
364
366
39
78
113
149
181
211
240
265
289
308
326
343
353
360
366
368
40
79
116
150
183
216
243
270
292
311
328
341
350
361
365
367
40
75
112
147
180
214
241
267
290
310
327
341
353
360
369
369
41
76
111
146
179
211
239
266
290
310
329
342
353
362
367
369
42
79
115
150
183
215
243
268
290
312
329
342
355
363
366
367
40
79
115
150
184
216
243
269
290
308
323
339
352
360
368
369
41
77
112
146
177
209
238
264
288
308
323
337
348
358
365
368
39
75
111
145
176
209
238
265
288
310
332
346
356
364
367
367
44
79
116
152
186
217
245
269
291
312
330
345
356
366
368
368
40
77
111
148
183
214
242
269
288
308
326
340
355
364
366
368
42
79
114
149
181
210
237
265
287
309
325
340
348
359
364
365
41
78
114
150
183
212
240
266
288
311
326
340
351
360
367
369
40
79
114
149
184
215
243
269
289
306
324
335
346
358
363
365
39
79
115
151
182
213
242
269
292
313
331
349
358
366
368
368
42
78
117
152
185
215
242
267
293
315
330
346
356
362
364
366
42
80
115
149
181
210
240
264
290
311
330
343
354
360
368
369
41
77
113
148
181
209
238
266
290
312
327
343
354
362
364
366
42
78
114
146
181
212
239
266
287
305
322
337
348
355
364
368
41
79
113
146
178
211
240
264
289
309
325
340
349
362
366
367
41
77
114
148
182
213
241
268
292
311
328
343
353
360
364
368
41
77
113
148
180
212
241
268
290
309
328
341
354
362
365
369
