18.67508158806806 6.15759524398846 17
14.57321495873673 6.053413212771586 11
5.984510096121074 2.173028305083562 18
18.17315108793561 9.480093022745928 11
2.486496043069142 2.3201612680547368 16
8.530706470880565 6.038062324387119 5
18.393776888632203 12.534840936137346 13
16.122369911456186 19.829994982313888 3
1.3166935455460194 1.6933913824022229 8
1.2231231309193213 0.15702010662503652 13
11.129492151588757 5.79641617067818 16
15.765775380267009 14.288127374545121 7
8.46076147014845 7.366629126688517 9
11.704559739992044 3.3316222475798463 7
7.1704076401907795 1.2771589788765736 1
18.060214150818542 9.032235853737355 7
2.3782057310771143 7.959072032046269 7
12.819945371464105 19.94080989777466 7
12.468301675670517 2.0925937887981583 15
7.560639286285951 10.927825246302273 5
2.0949256403282113 11.92480951294142 16
2.968040341720597 8.118137663358977 14
17.553131658021904 9.908118498223775 11
16.67066998756541 19.96366091052392 7
10.856181473995834 18.626268091615007 1
6.80440630102064 19.251329265093634 11
16.362367618355883 0.7093652375202453 5
17.48966518892078 12.05173429610827 5
16.846666541547343 11.65896360492443 16
1.3271826207557047 1.6928627366614024 2
1.3270937241748948 2.6098829568374193 10
0.30570279939453604 16.879093713848157 11
17.238067710502452 16.012908987525027 15
19.371965433854143 10.099993852113567 17
10.04857197904855 11.477449549830984 17
15.15692764522765 19.810651254111246 14
18.115614467057327 4.122096641311666 18
18.022774398120383 8.356813017382711 16
16.90983962879184 19.444676099504363 20
11.72776911162899 17.026332149621357 1
13.139691037722683 0.004813930503337893 6
6.048840955921677 11.405332722434311 11
1.3124168654546153 17.197668442429233 10
15.44960311175483 7.683194549387324 13
1.2451751774244624 12.819697251249005 5
4.779034001691391 14.589013282945853 11
1.110540917793228 0.7186766686037793 14
2.818097545479379 17.79922975053268 20
14.343774926903789 13.470876171990692 5
16.205769924328614 7.055436732044845 2
12.2354172864972 7.733660110664715 2
2.029610197378575 15.562967084552014 1
0.6493092474788797 12.348008473620109 11
2.1058564931272983 10.982875324635543 12
3.8994724129757374 15.668339397969826 16
2.219938469123335 1.2032165542423323 15
12.286616807030533 18.67831041483065 4
19.389708441872838 14.272337797587728 10
15.77132982747727 2.542182498942176 13
15.98682422843628 18.337748161820187 4
10.380146184628035 15.709782987213304 7
0.7636882040074622 7.840527809348643 12
15.132324425947301 9.109404736243755 3
19.12995070884241 18.03855045650744 2
9.723302014974703 18.021427992978094 17
13.330223049112671 11.435936521869492 7
4.593104734044702 15.526852878837914 17
13.9700486546325 8.402222321496415 10
18.90971096060349 2.9138084390715124 19
8.441130358409968 1.6806411647431196 4
8.312823930818263 1.984219761961914 5
14.685586833142317 0.6140169190381228 15
8.621726287367657 8.340390180071328 16
18.385647068032274 19.244849730208383 9
1.570770793036076 1.4065893175271138 12
13.8355030163195 6.90890213070478 6
0.19928482625932054 19.486470256819356 12
1.4103522295637472 17.868701836957207 7
0.06464201283317594 13.180369835162033 4
14.959536344883526 5.865259076525291 1
18.65576067639116 4.657262095686139 5
3.7398340484571557 2.247820716603681 12
14.149609649057913 5.164376814686909 1
19.330385209339877 7.244797398896985 16
19.218142076228855 5.92693283217055 18
12.71831413015487 3.680911003503111 3
2.0516087909382397 11.616987631881608 6
7.531778648149268 2.9385371425268625 5
16.087805960002157 6.317828373362488 8
4.733143859335542 3.678888423898743 12
8.395707557081506 0.9251135380528264 5
12.024164351902844 7.876023363757298 3
2.640405508910373 5.987733237561161 14
14.817576397418438 2.8456694768483204 14
5.960562175060218 7.091282320701433 8
8.896223102924077 7.385120784795955 17
1.1571422780203444 8.172524423662962 14
19.239131171730236 18.02524660835728 15
4.07980551892468 5.866233103326102 16
1.8211297616762412 3.7091640824849925 4
5.539404915594865 11.163631767860927 5
15.913143113642645 8.923287678996951 13
3.7076137613714844 8.43408620830126 6
4.959153377940102 9.068940630612953 17
2.8513497643720265 9.248707090544242 3
9.665759765362004 4.072798087407399 1
16.603475317208723 8.981767538001463 15
0.15553298871728405 5.971202420362416 10
10.904162318879445 3.124422196180978 16
1.8510609385637555 9.953591936840091 8
10.874816441833229 8.106102091087159 1
2.416632215690373 17.67436037488113 2
0.00506419786450385 7.9685721585306375 19
14.199294357930865 8.891690984671074 9
7.076440644770338 17.42596041488988 7
11.908198309728387 0.7090193138205492 9
6.112078656798399 6.797808128324869 17
17.189064808047867 17.81397833227785 6
1.3618593536064605 17.218821538938872 10
10.396682044032293 11.47963606164753 7
10.627516076759456 8.21609004671199 18
8.068257531736352 15.571005181080954 9
5.845083362216443 7.436086471115491 5
3.1413993423131426 13.940638619738497 13
8.024330823281776 9.358856847812696 18
13.365167721951197 7.081157212273994 16
14.846909406052141 4.360199194657093 16
13.893912658328883 6.364803536641559 2
8.87963508072274 2.856228611649525 16
1.048117561241273 12.422843905644704 1
7.108027260233292 7.8193209899284 1
16.924496669594646 19.57813204325092 3
13.725930444793292 14.839077133628582 13
0.12846907396291352 0.8235572451579709 20
0.07480740542488151 5.406554769448524 10
14.541999086845795 4.533740452033248 19
5.758482097268751 2.1092053404478595 15
14.32691489610013 7.68260302666655 11
8.434197850228093 17.94401953927751 14
2.9603857468503536 18.6646411879104 5
10.483237403045846 2.5844607068398706 6
8.882486723239303 15.786754784507181 13
8.5458041439721 9.839170484175742 8
15.911668866305748 8.7854407638363 7
11.7306051716204 0.9958653011652974 13
0.665584837500639 12.663515967824617 6
7.2722032751128785 14.863256162117962 6
4.661283435043673 5.950543524698428 3
14.098474214798735 10.242373012228626 10
15.428611766913152 17.659033887545924 14
9.165886499574782 12.637588634610928 17
13.312593095968417 12.970244579720148 18
18.595197012188528 18.681526993305162 19
9.092047287553855 5.095044330375911 16
4.30839185970936 5.317440784310565 2
1.0510662440743346 6.996044666152379 10
13.092551530469962 2.808139780713639 14
13.6100799176345 19.413515867089913 13
11.15537001511334 4.419459023133541 7
6.7900747967241415 2.0467773983410753 3
15.895803171251737 6.458579530701211 15
17.869507569841065 5.109997097973393 17
0.8870505079823388 7.374082517641178 7
17.398956794219405 6.91494422968999 7
5.025541286568027 14.580520054042733 10
6.244641917482099 17.199887988667452 9
9.641693285694773 17.439514057707843 8
0.8900580265841929 18.68366920232382 3
0.18416918232009527 9.906010735721114 15
0.9493706996959617 16.180053712743547 16
9.21023345591256 2.362472725751361 3
4.822887942005758 16.525301153278555 5
8.280256969370372 18.384683163980622 15
12.255133848956719 16.36017314000958 18
15.096557868511129 16.5867685369359 2
19.17832675283989 4.994563831390955 8
2.5617095590321726 17.421852838843467 12
6.391939967076352 8.6968736510404 18
17.992512626276284 12.201639941495015 7
14.221358939504809 15.549287116793337 17
12.09339804382286 10.723300521724862 9
5.450924371449332 0.3311684904590595 20
15.669872717843452 1.9780153293276093 14
4.975473913261994 5.691139680115651 1
14.838431110311166 10.305661175887229 2
2.4358778275094317 12.903939228130103 4
19.422988703442122 11.293339037731984 8
13.4976420874222 14.069678268825633 10
4.4311596065565295 16.635997727747075 8
1.2957436618437312 6.15036899963703 11
4.672063495695131 12.57023445967878 10
11.641207958963866 2.74575901176763 1
11.062455401547208 6.5576941321771205 19
12.696310434533117 16.23991372135622 13
3.1048627161616937 3.535297738086358 3
2.711615527427287 4.130084780073742 16
11.389960760959077 13.913974757389253 7
4.706317295515625 2.6425721967479565 8
15.199330804438384 7.06924805171774 19
2.650814299134814 9.96931909036783 4
