16.888437030500963 15.159088058806049 14
0.8096875636155509 19.309297727238345 16
8.098682749008287 15.675971780695452 10
19.35599989840343 7.160987493899766 7
10.093737116347805 5.636756887994077 4
12.367379933506633 5.010126827248811 18
19.655709520753064 16.20434471993179 5
6.202951386386653 14.596634965202572 11
9.442854309054267 2.014024161367316 14
6.323933990431869 12.808468030841805 7
19.332127355415174 9.54019553105434 17
5.209846207839188 16.100556540260445 18
18.319889607137693 1.8654372870482017 13
14.205068472749735 15.700955192469536 1
12.2379416962829 16.561265568077978 11
4.878217537742639 6.504087254947802 3
3.821341830047811 11.350214812413437 8
16.066901082924044 2.849887878176489 18
8.959391428711408 1.6089163710507082 11
17.50174574672291 19.95943262172249 16
2.1811569186220736 11.025344921811024 4
10.948818226568475 16.28933726582672 18
4.064037049388666 15.988542229411845 18
11.752341283508727 8.899780525510323 20
15.958700386420063 6.340936955161542 8
5.80659004805516 3.787826571087123 6
0.6594482977350302 19.625994809964208 9
9.530619840187615 1.7964872239118734 5
17.535407416455495 18.46762031892561 3
17.96346242715758 18.461648796403537 18
13.669967709674841 16.757304624510315 17
5.512682426242543 16.23257417015757 7
17.900779348533504 11.796023670623196 14
11.593900214912118 9.011262132623104 12
1.647459763932948 12.255662100814245 16
11.741494034252664 6.705409563344356 7
4.8607124412371245 14.629784415816955 4
14.106662306258162 7.441203861621464 6
6.650722984393109 16.31826193067319 4
15.662370196932327 17.106452390204467 8
0.904681357312247 11.477320735783339 18
12.043409746973087 1.4799378852094391 4
12.699998198229165 12.126768355084378 19
2.393909453035803 1.8306370631068836 4
0.7278407522297159 0.43273019710048155 6
14.362266529186838 9.58467307844408 2
18.739383172891614 0.45565151337316756 14
12.4119994195551 16.718053111422044 3
4.416585426326347 12.93851439670645 12
8.721372959065123 1.2208487843925497 15
0.7875741416938475 2.0184248237793323 13
3.9871158093412595 7.171106026232037 16
16.766531303868327 18.369641239906628 6
13.953941415643776 4.068293715499176 2
15.772965800196197 3.164172596547692 6
6.8462508215716795 5.013746785702233 20
18.428367889272277 13.31211644035868 1
9.43250830192576 8.198107913151091 19
17.496093885391968 18.350222455180585 12
7.772844856628948 13.152323998649816 5
11.212004377070478 0.24872637658628793 3
6.718331089469212 0.913929871368333 9
2.696752136965155 15.243333124090633 16
7.044511230310149 5.757558297128 12
11.805553726390873 17.83887082841215 20
2.64688562089493 6.205951629283611 14
16.578055419151912 1.614462137449415 20
3.846190824893516 6.688033813250032 8
4.461956417173056 8.962706532872923 19
17.49075299716091 0.6309095624487204 19
8.36453106584932 13.243917779476348 2
3.3134994574415955 1.2777261822263775 6
8.927294243510532 17.69891015995526 18
12.0795477562375 0.001383257489673273 2
9.891653407505736 6.24116492833746 15
0.9971399320730345 16.454398464413927 14
3.76002588101656 19.988407189106606 3
16.748967874877803 2.6104350368412543 1
8.036336444250871 13.570300104839365 11
0.06785619460413672 0.28582628329457904 1
19.604892853309423 13.515237946561868 20
1.9556868360131863 2.3780778956949167 7
17.473076478006845 5.599654866537451 6
2.0036137812741805 17.078762191946765 13
12.552782011232587 0.4369099847545965 15
15.996491133025517 2.315587976777538 9
2.668411084050981 10.417310568283977 12
2.3021869170462828 3.0888027367606474 1
0.8459520400558818 4.114714813380951 9
11.167114721940939 18.93005108339992 19
18.19702354810205 0.8400906393468244 20
13.107237293494592 14.247153050324835 15
12.802823995864482 7.44898525944512 18
3.565766395307197 7.5115784387477476 10
0.17794164098157594 3.0204634772797556 11
6.750221370104425 7.344029503837142 3
6.765119400533573 12.410762166331033 2
5.392442817071162 2.9883207353821484 19
5.790617072717339 7.895839659765813 18
2.5928187807510783 2.297928255508044 8
