13.210249368888638 20.522885087086717 5
39.83764182653132 15.502495627673095 11
24.639490886564953 12.477307041909707 9
28.082266506426667 37.69757360069186 17
17.118929842603613 45.96616464043258 19
42.214468556401016 7.357914915375013 12
49.398630201043474 8.537212200640287 15
18.445806430229638 37.13866303879736 17
20.475344518710376 49.173434182299246 17
39.72950428758144 17.96580975513803 2
39.10796743371372 8.705188363482996 16
21.82756280406226 11.475950047169814 11
44.94933981500896 31.735905473541496 19
21.45512088658573 41.740359175777606 9
13.498968030723702 12.56053343383755 14
10.889260851218951 35.679278906749914 7
42.737437917384284 3.0200624528586575 10
21.565859522608193 49.17874808646084 1
38.74394560420928 17.042664136887982 8
34.13799291315796 29.157747105575233 2
21.93219926341559 14.797826577028816 5
41.28607943683821 16.48858004653306 20
28.455033887393327 13.593887746522594 5
40.961048030936055 5.695528197978761 12
25.704181488245244 27.684369579273294 15
24.839573209632192 10.471286633279142 20
42.2430779626367 2.1200216509086047 6
27.47663230016384 7.926016508228195 2
21.52206170319887 37.11051684606044 8
3.8769293954263375 4.264195284670119 14
34.99602600983883 9.443862955031868 17
1.6927718556502824 35.390269387042906 12
9.580911114789325 6.817054340961476 4
19.025327209580222 33.97987315999706 9
33.26875037238412 49.955091813541635 16
49.70230697814883 30.59310046166933 9
13.34939555917915 21.816198677476695 9
39.414251259925855 20.786454471872943 3
38.45024204145479 34.79055660445483 2
42.02215004457406 1.0729102890829956 16
39.33587044943129 40.04681897541898 4
42.048537252207694 18.828786500530597 16
8.97185892081988 16.236669782035374 10
11.927128861745906 17.28373650568859 16
29.847699772986434 10.133488997820251 14
41.08510296733568 2.0837415809868087 7
35.224858656734966 0.7042846954450122 7
16.55856563911563 28.25605236012749 12
14.468943665303375 20.664664078732116 16
3.403522003807624 17.40242566885647 18
12.233205632167849 7.228235902528418 11
22.164768991131933 14.132956812739833 13
8.17984251131843 29.972243112913926 4
39.248104321070414 42.229339601157264 6
12.041850226277823 42.58948434063013 11
14.790031347517269 33.76872523017428 7
18.68235888200354 5.082105983994861 10
9.81204958850681 25.59592818220997 11
47.77932263757212 45.086233068877725 10
17.433855309338497 17.03345472085903 13
25.89740285348806 46.102473821443475 12
7.7408632390695455 27.94147833458331 11
28.141613151571825 36.02879851899893 10
16.36967476564113 1.699773326776849 20
7.060754635568189 29.487658601877037 20
47.31433179469012 35.00954267744344 5
26.789549965327836 16.866106235262006 11
46.36293979685184 7.621894784059307 11
49.64326167897477 21.944645527701663 15
27.102567984197428 1.788241549099745 13
8.331416012989902 26.285150706257664 16
4.284620370851433 46.222033426853606 10
39.28052009078687 46.05066705239217 4
5.220299333329131 32.72648153622351 1
17.971539409601544 45.54378337275197 16
3.69049092613416 24.597019876483365 17
1.2912147255040196 6.6427980174542265 16
35.69885803145919 1.975275917176783 14
21.056397088712814 33.98769116156389 9
14.971566799469255 31.510545356129814 6
1.6060230094306738 5.707158829177711 18
3.5712997225961383 48.19715628152327 17
39.24269216459243 42.79294020075317 5
35.368516038691844 13.728973755309848 19
21.71614462676898 6.686301082350221 12
45.63046131335532 49.89874835826274 20
49.81880158870226 48.716644780004884 16
30.178746384316085 46.73204666579661 3
23.382583419827117 22.358958705058544 16
36.98202760127874 44.603083147933496 15
44.44285986638571 4.040470076713415 7
29.839563033329497 36.32234074429563 7
25.829612863874225 45.60919355160248 12
38.073081870983884 31.21114283740642 13
36.83496057309435 4.611585970987337 1
9.791588215309488 6.91320962794848 12
26.386830811124323 27.313955573481746 16
2.7871878000276906 45.085985798053855 18
11.255499633700373 26.890414290341546 13
37.05571352226643 25.023899548068147 6
0.29647662528416996 19.35933166821455 15
8.789703531742516 47.51326796787978 19
5.9805571750985775 6.30520534468485 11
14.178350949147628 10.208355221058785 8
37.759556773460204 20.618078065198603 7
35.6653084821557 26.512007446338515 20
46.17366325326701 46.79056997435714 3
22.069902580602857 39.84883014568798 4
9.007010905376372 46.44767681863853 18
35.05374438402134 48.07386650966248 16
15.961431166384788 7.129931349884611 19
40.86524390459797 34.95177083734692 1
4.563465366470032 49.19207908049386 11
36.50314871156886 9.361715516244018 2
34.38138661283691 20.192330146937504 15
47.48079780860988 33.63758503191789 16
30.342521609327715 40.86848317492009 16
23.63884859868189 23.226667395773003 10
28.917943868238787 40.78550364261139 15
17.496141220459183 37.092026757276976 16
34.65500521080559 35.796902142550366 14
25.838572623141015 38.30963050641634 10
11.849059713471721 6.938158970160363 10
7.506965819255019 10.154948787875673 7
30.58060353035813 8.538514496433846 1
32.362786909702265 40.15675339777729 15
45.45484824304248 1.1717742209820525 18
11.661041949739047 35.06044695062738 3
14.02135416343387 0.6974472637052975 5
20.0018033084853 10.060844520880002 9
17.861736230000076 16.880611367786315 17
36.15734518669597 36.65634372278872 9
12.8101452631461 6.59074489151053 15
22.49629016083219 10.530555834935534 8
16.786840869286245 30.799234858150328 13
41.72060423702442 4.1377310424500156 6
41.46208406880134 12.605247186494312 9
46.23837125620634 30.434712328201496 4
27.879467370442974 34.07427800451075 11
29.145502913567643 41.24613703886685 8
34.49467098590713 0.9921804956486979 19
27.34736278074691 3.6354511728827976 10
48.8208910891198 45.380960790862126 18
10.86475068998351 33.39476097693838 2
44.77577506000213 16.96199728014292 11
33.650961878567166 48.51128554305223 5
37.145118355696674 45.90033969268236 19
45.91190778500172 25.844883937800024 16
46.548194551257346 16.723423845854228 2
36.12109212140071 42.53400208767303 13
47.196646174381016 44.17116273303218 8
6.225028390425269 49.98765173279768 12
17.77770857483936 6.84585117688613 20
31.033721655814595 23.83566029369723 6
34.53925389345554 10.809468671969318 1
11.057318999742977 13.693031101826158 13
37.83349336670393 46.849172798478165 15
46.29442049608948 32.13096649281375 10
16.13175700048214 30.908537326345915 10
17.010495126273906 5.4106410203510755 6
35.79860188470687 3.029884095346608 4
29.073429137659108 41.24248582946818 19
42.166653612223705 30.536006424761204 8
27.386994646233482 11.846311493455309 7
38.62785780594121 46.14524061552581 16
19.634456225373647 17.28266212361979 4
21.946969418288177 5.853915087766853 7
17.870842911988543 37.201137173123676 6
26.745147079405463 33.41729735769262 18
16.481882345828797 49.38313529689811 12
39.68940369348384 45.71355519402541 5
45.168049090579245 11.675611608376812 11
41.709804523884245 37.74048505069593 17
45.63725995120664 16.03708625182248 17
46.16644832587592 46.170825453632865 10
1.8132784651148037 44.5740871638461 16
18.302023030591613 35.16210620705345 19
28.68372102265187 40.47272222109145 4
48.437805104409115 19.445557003798854 3
47.7540872577595 35.2233450054562 6
21.96699700694607 30.71726807083853 1
34.750028301633 5.388368211784894 4
14.743983714157144 18.996634789331 12
14.048205722888497 20.967612720283253 2
1.9933734844378825 1.5509826365281587 16
42.44790452395464 9.769226010099509 5
32.733228476194185 10.264502732330222 18
9.73087952079162 49.71261188284377 10
20.210224540922923 30.212380104857395 18
40.96353587743919 40.924481050221516 9
35.52711889544202 44.986489171810476 16
25.623126289565825 12.607981835893673 2
18.489026472152798 42.94785775270511 12
0.5554809072445765 1.213222020749749 12
37.46683047404297 7.648188863219795 12
35.61623988517886 21.409229399362705 18
7.61307718445769 16.948977161990957 13
43.45806316879658 20.466580075263686 11
11.126609371658269 0.3707319310589541 10
44.61945836980325 43.563970866261705 17
7.536562002487229 8.02456225958702 7
16.590291215872416 40.201177012446955 12
29.571258856204143 28.66432768485336 4
6.494333448229117 30.467730082482863 7
13.408238422795632 18.484564606231675 18
43.20707241573257 32.33195862189247 15
43.28291780226866 19.74104297338874 19
39.35806780975261 46.799134495777 10
6.447563464377703 10.56266877230469 19
38.56018576299224 30.42523067440331 8
17.204844292098688 3.3993899530910534 16
19.534686409599587 33.79709499768806 2
13.307639596140824 8.15776458625644 3
10.876181397935191 40.82987606586232 14
13.487877061643399 46.80219933756096 12
2.8427394559625174 4.725677206338541 17
39.93350200155517 16.48709824574917 4
1.388934891537813 4.870564700539459 11
18.96616582223395 18.214522816199892 16
11.83183713992229 11.926763616116897 17
44.61838935203696 2.7756991514175935 14
2.8590265734816764 37.89582025819272 3
17.566301075018853 49.52806343037077 20
8.663845705383993 30.188920510060864 20
49.11486785965669 39.781087686084824 1
23.99498420358507 13.054727879126416 19
28.101985294279373 32.09289117168779 14
45.54106070061256 33.359283998152215 13
22.712014863439585 43.60169844640624 3
0.7157004612970141 41.317572881302524 20
35.173945189336195 26.82787800237097 13
2.3939350812263838 38.00364050590003 4
47.52547611409899 38.667805061560266 1
14.349309588529257 22.64699229524913 8
2.7768201557959338 40.89616763696831 11
2.454322539347864 25.288189883254052 17
1.9439051098344484 40.68714143344979 8
13.233389015179275 36.7227444567907 8
39.627638207205315 43.92581887451988 12
5.844338200677851 28.034228029633717 8
17.99895811832049 28.05116392006539 15
24.80153594710896 5.718667510361025 8
34.42303558393539 40.645412907192295 7
36.45838412226522 16.14496846963106 13
24.978944595493463 27.782682905157753 15
49.896973639605044 40.589200942538845 9
21.350304871957427 24.778445884997367 3
24.829343653211122 17.09931553799026 12
13.783951610283118 35.033640222660125 7
17.476281644604803 0.8675630022268066 6
45.30315271916335 33.39048151588821 7
0.07927238890789168 3.3129285048031587 16
46.58122427072032 25.221799124049323 5
27.427775223738337 26.702410960171573 20
23.551640115730944 44.26327327676356 1
10.748243461457113 25.045436195388817 16
6.559729830582922 45.07680973766692 1
36.57509674897472 7.299673423570513 4
0.201836862238286 28.44841507772631 11
11.163844345696944 14.877238540469017 16
49.548383827472854 2.8647803711764173 18
41.518030004643684 6.920107820276361 5
9.605586506669638 22.335613371287856 10
48.577601093898 19.91444641456307 2
27.659015063527942 27.475415637836058 3
11.185413088705632 2.5142881051799346 5
25.04217665600676 9.928338353415572 10
46.74521710456613 12.098790696854838 17
36.851987411046906 2.5171267379488214 6
41.3506982047526 41.94146352576655 15
48.52715267345401 32.45950552931377 3
46.18262856747574 43.24139962392265 11
3.8268902443702513 14.562736294428923 9
6.2883107919467935 1.7321778961259915 5
45.83552660896599 49.651651805978744 16
39.360956063800266 18.704884253026666 8
20.502395148375342 44.2238429132575 20
20.44558862084432 17.311066839640493 14
30.993564635533755 35.53844506291502 18
13.302839734074151 8.049582623633933 20
13.913141781119776 39.50724245215923 13
10.390647947303622 1.3646403614222646 17
1.1370265722250028 41.25032548417185 4
45.951369507987344 17.428268550320926 12
19.933262587222845 14.560478366685164 13
42.947368705970305 45.55130483236516 17
39.50393736607249 14.703485235128383 1
0.5432432581976232 43.112229304791214 11
8.387888920597803 12.95410583010675 18
22.51002750432428 43.28021517039557 7
46.992017486797174 37.23130957554676 4
38.227565561410806 3.114654369060327 8
35.30311382952107 23.563596337157538 19
31.187526196882402 29.30663575594974 16
38.34522843007355 8.998872550635861 16
13.908878612235199 7.236368623509437 12
26.32189026655175 18.072836143656918 8
6.505536096174868 33.67848264521617 16
21.779738383737318 40.725912401531296 12
21.83075712025434 6.564598034672242 15
11.062646741086429 15.775826210299687 4
20.053146123644844 33.867870329903894 14
47.044802223471244 17.77611971991539 1
28.30449107740411 1.126364161363369 6
2.6701436314487625 21.00715345737471 18
35.009973533384134 15.578504683840173 3
37.507868934831066 27.07428254772422 11
32.587925548356296 20.369189087897922 8
9.530803218784056 14.476976978296834 20
10.594633693831867 12.391662093615214 12
0.7877291854961388 37.665552569908385 7
47.248864316431145 0.8407040994356574 17
35.49094468331669 35.95752875574206 19
26.690057774441744 5.744355240886856 12
48.30599726580599 20.606023791402027 3
8.955231062306506 43.30748884618083 10
25.054631747162908 10.306853179500752 11
0.726859426798887 26.234793921385137 20
8.843503036334944 25.13806131510325 4
21.81019178381493 47.596076445935424 18
43.628071395829245 20.891860447044575 19
18.827184186341444 28.201316862888394 1
11.25048773973994 14.938451086031817 10
44.45839614890703 39.105259367349824 7
24.27600946090121 35.94799036610165 12
28.063060681913182 17.467563890464895 5
45.40922633333742 5.94368284786288 16
27.040625301856707 46.79295153450944 5
6.172430039517657 4.36778581565167 16
24.45361355479988 31.693829832379304 15
37.82530100840965 5.34161577215121 18
15.081924607355008 6.0582392700875065 5
2.257382546525899 45.162085963387675 4
6.454975791699447 5.239737147780804 17
35.60093055179476 26.01593326503578 16
33.19357827596332 20.56433578196564 10
22.307054292556415 0.6267127022630714 6
11.660401774582724 43.47773612480375 17
48.09873031650137 0.24811639216957837 18
31.742929827172876 43.33221181366021 6
18.168915732631106 13.391099122825272 5
32.49501225050528 31.687145104475643 11
29.402368463047317 24.767088851595474 5
14.7845026446561 36.51409741033029 4
5.812484102687376 30.39582582186997 9
45.5795386784714 12.872720711672597 6
36.90342520869615 25.329177230037654 16
36.983600699825764 12.152936695147421 16
8.502173311328304 26.35251607377249 12
29.96281266729196 44.0343422805933 11
40.563062947035725 41.69883737477406 14
4.887372097995596 45.688669369677804 15
8.691590426853029 34.85840673334543 4
44.36966048025807 35.21900378583333 13
27.315290771880612 46.238529296631 7
15.39947142943049 8.052421836794082 1
29.232218771392475 25.61951782485138 19
36.81719423113576 31.36551810444842 7
45.878528157161746 18.57469038167215 7
3.6828003343210014 12.047160718843376 8
7.14718205635772 49.042821730698776 8
26.477060284974502 49.71990537521089 19
35.63013318286761 41.87981586396949 2
24.918917710173645 11.194978800613253 3
19.44744222298837 44.55638608909986 13
36.01956558526327 9.295801597832604 7
32.88130937408912 15.806802332821162 17
41.35868315705918 5.613898241706073 4
42.38368748644015 31.363087611441255 5
21.796925762546255 32.68122609211535 4
22.797889621521644 24.314465901935815 1
39.28353527882958 47.76066579535193 19
21.608919216301487 36.033078990328434 12
34.15136212420042 19.634865560040097 5
12.689632159675712 5.381816757715652 2
42.04422698756049 18.142847130512596 8
19.59882457960281 15.796127269347382 3
44.85050647160479 1.0908805337307093 6
13.412710180232763 46.009109679479444 13
22.132223805691805 18.342728174171917 2
49.64828145544006 11.661592184913989 1
28.70371169810063 42.65575065865336 9
25.072357746246954 41.22014427861312 20
1.9556420036568878 30.413192880128303 5
3.0171711854344085 7.078962789734222 5
38.63967496286627 43.503246620668634 2
15.442564712115075 46.088786574135014 10
46.168936558319885 11.85871449927246 16
18.894276852040054 25.98135650626281 5
7.067932432615431 6.181341370129112 7
12.084302380669298 12.06224438020787 8
18.021778598916132 17.632063064407248 14
49.8992712964773 29.960281460906923 17
32.4438610807871 25.38363385549592 11
44.95477794886654 24.57233928478982 11
25.945962594561635 32.255251277090906 4
38.8174667349931 26.852166047783083 11
42.15334474786595 31.987278723656992 1
46.95168980759662 4.958776133935655 1
33.0190157039905 33.6005561455368 10
22.45178731806176 25.634718784838757 2
10.18052872488 37.3834327948788 13
41.803561317303675 39.58045274823966 5
43.86723492028157 21.708233580538185 20
23.160014080917325 31.756198602206258 11
29.27299066325084 33.18216845882983 8
11.13769970699297 36.40324349554711 1
18.20690458180897 0.9837508603454836 7
43.82221882282404 6.49075303843965 3
45.428611634684515 42.88484027086218 8
16.689723992314402 12.477897853357483 5
40.97357607997756 27.39514308657311 14
27.574012423520077 31.613804489435697 8
42.7926942033778 12.51636621818652 14
42.48624870226634 35.3923421886075 13
25.819779742175697 38.649039431858 20
37.30172561727831 21.195859350554088 8
1.1231941815554536 20.63837675756887 14
32.69768213993704 38.89067545803993 4
5.305440501971631 47.839495258194326 19
20.1214606982553 33.48907465205202 20
41.01541921541691 8.22529815904045 2
47.97493054347331 18.22475639548269 2
0.9927282884460098 13.113836991282557 15
7.594125032825111 2.9028439536825656 6
46.55481482018494 43.284018087437914 13
5.656015922007207 22.626912453787927 16
19.10241027275857 41.99189579950797 12
13.445318203295697 8.346303295760737 12
37.30256755028124 1.1997195209277944 5
49.16023037066094 44.58160458053648 8
1.664926838821168 23.206737999845405 20
18.553176962125484 43.04429552603823 7
12.434552137799725 0.004700724130868306 14
44.747170937437616 7.167266819664614 14
2.7503651623317085 49.76555494276573 5
12.648074676370868 40.166515853677645 6
21.44715184379939 28.23596854525649 19
26.17168660968343 4.7819292606874395 6
30.184278651291084 23.16404659800381 14
19.648616926957942 28.301874728897598 1
44.95922582660901 32.79276069599942 20
40.48256112037693 39.65449795148477 16
9.360443215351388 47.602260373124786 16
32.56636608171634 33.81227362230979 12
16.91448013088911 14.162844993150458 3
21.929430544859013 43.68639447341564 13
20.090290093817764 27.212647176333622 5
3.063753710599676 13.831152718922562 3
1.8500435407266813 29.789274312673953 14
27.680848642896667 21.558269475735752 1
27.36273772371448 18.80736597452179 16
18.92605314260714 1.7611733561024356 6
12.7108101837971 44.20472262023643 10
43.12679930655675 10.648675717574724 2
23.98664971531329 2.8940352603092134 1
3.4828694744076127 37.92483960713211 19
30.243758901180414 5.976023734306462 7
0.34614987628170946 19.36850197805399 2
9.943745350364825 17.828365117115037 11
15.320203613177991 13.87236768547907 13
1.829909127201862 32.33449965957041 20
35.07554712588846 18.923196973611844 7
41.88590836863884 20.6104547527583 9
48.421702221661924 17.497782172371007 15
41.35438048303816 33.92217654629231 14
13.233634517604381 9.89082575623954 5
41.97745333965488 2.750412442066547 15
20.503745376877447 9.168493697583656 20
45.453615882879575 45.05636360872452 19
45.962048526492296 39.607549824828375 20
23.996528978431748 21.68769296346305 5
32.16053808823225 47.29661046488464 17
41.467193616122316 33.04340458122384 9
7.330288637474575 39.54175677554041 3
40.374203303415484 4.428937662142824 20
32.51950911839413 31.782409358521786 2
49.45578592977922 9.357755333853202 11
22.64109911953171 28.80447878471773 19
1.7869814768461 15.291675383434516 1
34.73025155920103 10.422335980538394 20
29.23142253667528 6.470752051818829 18
11.622343897886884 11.202369295824571 8
9.730386583704338 14.65229303643335 17
46.92458403250247 20.88832198468759 15
29.631668153551484 38.8367083544704 11
8.466392118531235 0.8707585123028161 7
3.331759612891827 28.398666376782522 18
24.358720511695115 38.21458372574506 15
15.252245192488411 42.777866664176486 4
15.653715536735119 20.192072415247413 13
6.653970417759608 43.15895131461399 3
20.096514513517427 18.095133302865328 8
44.99599637997133 5.745539815225814 16
3.693794148713525 44.53344543297237 16
18.19837287224014 7.243019577265924 15
32.01356425592425 15.736978008767732 1
10.31758950832865 12.13793556288052 1
38.19578850764832 3.0839454054029325 4
24.957287230765314 32.363392737456294 12
43.55904429967849 10.824828820123317 1
31.03017581428053 36.6007555873019 1
7.850809863545799 2.3294551256468954 7
48.54443304282622 1.4352937630094487 6
1.7857760377292864 20.516651317823914 19
23.631997919296616 20.27858233995986 16
11.848529098001832 12.060926345023354 14
24.673576286748666 43.882521501498644 11
3.651012642554213 23.00294920495994 7
28.150079373926367 36.91651108958528 13
27.088720734288486 2.7478297261385345 7
32.735778076314965 18.239032948717764 8
39.81868892440419 45.3474959957608 9
27.358489288249743 5.6586157129712324 18
2.137672043204286 39.410688307904344 2
49.08655147454693 32.64135722962665 7
37.373065932037726 49.52824496044311 10
40.041717017412495 45.43002234486334 15
29.33696624620239 24.580158404341958 15
6.608800366324319 34.56011759116442 14
49.63094056324555 0.36724338576213933 8
38.99730518234997 4.06047572377325 14
7.473330721513399 19.904651498687397 1
15.464115680566493 27.269968145979924 12
43.123487422843645 38.03372709665893 2
2.762052192458442 46.30156520705973 8
48.245596520133134 49.29016655678598 19
24.890332118933934 27.69112498816692 18
20.698394536802255 27.29735599072996 20
25.243301582550448 40.652236432404685 15
7.85402229150895 30.33607010841351 6
6.987617697609005 40.97603908847728 10
6.600107378591985 35.88388431037862 18
28.178232589052232 2.0528622426052747 19
20.760665949803638 2.1362508288788717 14
40.78130448074335 40.8527955968226 19
40.484883368354346 35.61518111011452 10
3.0044740824027247 27.02001379959925 4
32.63786155691004 6.55350240284479 4
20.581047457925088 31.399532633480938 16
32.58564049896865 0.37654946242624554 16
49.20905877453375 47.88082719099446 11
43.276493898404 40.077989930000165 8
13.236505174265373 24.285649493927856 1
34.96596766526559 22.425241665668878 11
39.224704265914525 9.923809035237669 12
27.11700599445149 12.718530776171654 14
33.79487019483822 14.03410052452338 11
11.641017849186136 31.600131735599863 5
20.64968220548513 19.517706419781906 10
16.50434870894352 18.682559754261252 9
38.23349921235516 11.755110371487925 15
23.155869898690757 43.90019281409311 14
40.078659796285876 26.389866390909305 12
49.94942014731454 48.08287374398937 11
24.447440287860594 22.704127418239793 7
1.563026414042501 41.46655722846473 10
46.31351008068271 31.20638964466521 8
10.925308540799083 10.956190771579227 6
6.724555738303523 37.42014086351016 6
6.360433380898217 40.89038443008503 19
41.2765881157533 8.085693527238513 10
7.011711842054774 26.714840806696632 15
19.214279995729022 7.741687706515882 1
37.744841384648936 21.563731527209956 8
33.70168159886192 25.23787619131091 19
10.779124010803564 44.739843572968894 2
30.85383241459121 39.984798475129054 13
22.121478298351178 0.8695007006760291 5
49.898246604857064 16.876874057698366 5
30.68662832705779 31.031624410666286 2
18.91894114485295 31.67821345795775 10
43.573642780193325 21.194942527512943 18
41.26730678185056 5.762277548905425 1
10.73131574406076 23.384048621774006 19
28.23771601420638 10.251255363161144 14
12.983670547525428 17.300268560647392 11
40.36414339233385 43.23408818593622 7
45.149091413735476 42.20362189222064 5
30.361882527922923 26.83739890387932 10
15.358893704723581 23.530283241104993 4
7.443610277200724 47.544086666470534 15
24.802328029014888 36.51289281725191 16
43.06635185231476 35.05506390135057 17
44.48731452472946 31.594076987779175 14
4.565645621605402 47.8465458672966 13
16.40353678951533 32.7675187272591 5
46.632202075471724 16.142905184811994 15
15.063291505420452 23.624077981934693 13
46.63245741847111 45.575647925086066 19
25.42344180593141 43.48887317327037 1
28.80805652906946 11.914981580323586 13
36.77478227238102 33.90702915852477 1
49.440125912605126 16.91940632222429 18
2.275041352138457 20.215723550315655 18
2.4656740969518918 7.842244003955229 12
32.78563614016134 9.77039905133456 14
7.257474123690999 0.7368045892524488 13
15.420305469339674 6.434087920397924 7
32.58201634856096 43.04027334095769 5
1.2057045889514617 42.15677315315426 20
39.407051712467286 17.26266425707534 9
43.52690384782753 0.7103766292792191 11
23.864485257246116 0.3220545888346138 19
19.426817261513197 13.024054646824258 7
7.180173043540616 38.936054136135354 9
30.5555084916023 1.0098795741746047 20
14.627655771795062 41.46532464037077 19
7.6129644944705035 10.578795491314336 18
12.498593415895936 18.25238997490752 2
48.24599037722288 49.58469637654141 12
29.787754570775977 28.204522248174555 18
17.053570993438917 5.5412555214517765 4
0.7938675359098868 31.99293201516683 9
0.7224444715179024 16.4520154720041 15
28.18672434271133 44.40378459148803 14
4.454326143892118 31.273815427404223 10
44.19979409166262 27.260046787759673 14
33.53856679112001 26.975449956213865 7
14.409595122802116 12.485706254034545 13
46.80384529346264 42.11642436584284 5
6.7158852324941956 28.959877021005926 7
4.374051645632305 18.023384320298742 14
36.98609762847173 15.429937052875985 11
2.3601494965080683 14.677274530040368 3
28.892713889228805 8.708534950137281 17
11.329035022073198 29.688704309096963 9
3.689687664357244 35.47512161021794 11
15.825874885610514 18.971087314875195 7
12.660393132902731 28.463616188131773 11
5.0831735312092565 17.95686986713823 14
37.76906171003168 8.64015231504245 7
26.251431315247732 29.79088786125526 3
31.311603737584186 25.50744704452237 8
17.846266273454127 0.23637401188559837 1
47.450564753451374 49.27974541095374 6
37.88515107805688 23.521638302736193 4
41.35353078180755 38.306581119745395 8
29.468623451263547 37.79854192562726 8
41.643313256380104 21.35835426057961 14
10.48669738567909 34.31392477310758 12
39.34367136021254 3.2746732690400684 4
26.32141332021809 25.51721181519927 19
5.849763553149511 43.008831230721945 7
15.864712911921696 34.4374860945176 7
23.980942292867773 26.309152240642455 6
18.151840578602307 24.83746102156618 16
25.561750012512697 24.859649246141462 18
28.989368807828527 34.69413002138943 20
11.8830704236354 49.980139057098924 20
22.48052381495203 33.90822915364712 5
0.3327947181887059 25.365073460733733 17
34.17369838642304 2.2450319464346724 11
29.470357660566833 42.07679285431767 6
41.98736032286327 12.405702838506432 18
40.52260795529399 6.138218483771457 10
19.422413863314343 10.676193636058285 13
49.877972564824105 4.848077066475259 3
42.29039320947568 27.642220612668154 1
30.52147180750369 43.37721587256347 2
5.289022790470016 24.95973621895485 15
33.113663850444766 42.92791527251082 11
39.107141479222186 14.863676311102452 3
32.438545521654575 33.21374614326205 20
23.13481639817969 31.43935687654379 17
36.83011764330249 32.27973601946684 19
6.652222480374786 24.87368057549904 7
6.028454431854358 18.279524447702013 13
29.42858498726086 41.48564796564524 14
24.678541749410943 9.790615215100429 19
39.81316032140161 5.985909669504169 2
32.172488038564396 49.24601593530895 19
31.73048096052915 6.163443077857433 5
38.72918603931249 44.39174767647891 18
30.53780050612509 10.485003630790946 18
47.87208419012728 47.2158844210996 3
12.55801308547529 46.31558056938081 6
18.442737057546793 7.912995891306601 3
8.697871413466201 23.641163948946463 20
47.8349834964122 4.491076499851188 7
47.076911251884354 45.279231542131484 18
37.54181740540024 9.035355737708828 7
13.207486985635208 18.096095124737154 6
44.70665301450224 29.231790392331895 4
47.77838981060096 9.190584382250893 5
43.22271755955739 25.683810738090596 10
40.85318119822238 12.443222094775203 4
8.384564748737455 24.21667688421384 6
32.360971926996854 41.74106609931955 6
47.4853485745176 5.001408276240432 2
21.20394375082318 49.14541069329028 5
22.136411393426165 28.437522058384296 20
3.3157620952468325 37.34965202129852 17
46.459085972718654 30.320529756910798 19
29.020528083970436 0.6494601361650698 13
38.22251459739587 9.609262013322295 12
40.00751399901377 48.263154370043885 3
38.545706938480116 5.486694747917137 15
30.17680846123641 35.011016711865125 4
29.329314544729268 29.10400961321406 16
26.01648969939666 40.74561073670148 20
27.78909074121478 8.729893078862967 15
32.569395220019686 38.215472997382626 13
11.905223057393838 12.206084821198736 12
47.78563413081928 7.9339544137999045 20
42.118715348331946 24.169940496124248 5
43.19122582828402 33.836471374921366 10
13.508806492823139 46.51360923662586 4
3.1085367522392158 11.913462791289003 16
36.580711888865345 42.63553856662721 7
14.50986336627973 41.626887943361325 1
40.8127828405743 33.12959846254892 9
2.762098227223003 17.158842196586722 5
28.19217827763688 31.21573889803167 8
46.86365529972149 26.155114624177102 12
33.84075104789303 11.076176802412101 19
30.6873632281761 27.292183545853277 12
6.526003702446687 21.218817748572118 2
37.217942478312835 47.82897357536166 13
43.9751879486605 4.7589183776833295 10
2.1027170431511424 30.480904443146827 13
44.138975047743315 19.636769711490665 8
21.568393995560196 47.246259175432016 1
45.301623688729165 3.7048466744426967 17
4.088734574725556 32.526335988788716 14
11.874051252653073 7.491766373755876 11
2.7286709063650214 29.39677211233647 17
41.48157531819948 35.82694533516713 13
36.33882117509765 48.15638554291606 10
13.948907836354213 42.76953287353584 19
22.73389809956308 22.589456305957818 15
15.47237590428836 45.20775838430753 17
1.3468568355254174 4.558875977043425 11
41.81264942378366 19.7933538231046 13
21.270414333209093 33.75531476881679 15
9.43659614326986 40.58260371045843 15
1.2851578864845559 0.72995711309638 16
21.181835039255446 27.28822075249085 7
37.942637478527466 42.806889647358744 13
48.94096390246347 22.919731111583967 8
33.52268899709357 18.55054526684664 4
32.80291299650971 8.689694510037116 17
43.281396446286095 12.575232772757039 2
15.947137747671208 23.227573653706063 9
48.9202993033311 42.6709632898509 13
31.69005238477456 27.578545721777903 3
12.520187844690112 4.082431719526286 20
44.46882352290471 39.585393990103455 4
6.947850416131912 27.30090227587116 12
46.34226663754817 2.550549488549386 1
28.539225860635213 49.33551264388585 13
4.986643115834255 27.151691762341184 18
44.43401649409643 14.35235916982477 14
30.70942550423516 13.835843529509217 7
0.8933346892950611 47.92547535405423 3
35.304444348658066 27.39709643329231 20
17.186632916594863 0.5715544560145336 14
39.22335999122771 17.405901443707045 10
35.05838391009758 4.694173255259776 18
33.82451416782815 9.699711358968665 18
31.177881346831704 40.142912314947495 9
47.41551938081765 13.894738497015002 19
28.59307329585231 37.880325983036684 16
37.859001140172246 6.4583840551091285 10
17.682144333189648 17.864812449798833 2
49.26534282134433 9.636588540438124 7
18.343193979242866 12.915494755131334 6
0.9247551097065487 29.837094143047064 10
0.24668975147095762 4.509942472539463 2
47.924094856898904 1.419610992247733 20
42.81567707478155 14.005051581352463 20
45.92886678180382 16.34827830644378 7
24.871440990471648 22.46112395256134 12
11.879633443880987 9.816827663772365 20
31.962119646445608 4.489595200594859 4
4.355389642474844 11.022498575337242 16
2.1301954442997486 38.122130044113064 9
17.01025531572889 0.3599677865133766 15
16.392500965295486 37.17387549709413 16
27.602442628891843 25.639925174805434 18
40.60420428791202 18.737843749220623 7
49.2334447402877 26.58277623851062 15
5.727710417281645 48.2082797939811 12
18.290382825032097 49.42438360679566 5
23.431501157603375 21.381779708930935 2
10.293033672135948 14.279983525105605 5
16.619129122636974 6.1130083053970825 6
33.53635395835571 26.37394902788424 13
46.444272795653525 29.282160614731765 20
19.03032727104488 46.20469842052572 20
16.621996393602494 16.681752187017768 7
2.620022474908895 28.00578530490701 7
1.0438739198322111 41.10597930484807 18
26.501222361644146 31.706795070766507 6
23.39182746801339 45.09757954734814 3
13.703914979238052 1.9934023629383846 9
41.29376530798739 43.4184466674812 19
48.83802437267727 6.001375441256574 9
37.8000690178314 48.84347679087311 19
39.34100394561445 18.72561106213219 15
8.062105421235543 0.8255905038288103 1
46.49210963828428 30.089250300172722 11
29.366692399077266 45.26255956601535 20
13.688417781087331 34.39543755595806 4
37.9000621487335 40.92141859706841 1
12.345070977330137 24.630058334854986 13
17.59774115380993 11.69085055467392 7
49.470702224519705 14.198485914891279 14
3.8939080669852633 17.502749232469178 12
28.565160277904837 11.69264834112998 5
31.284310660920617 38.28209065777685 9
45.95844116817608 0.7162387701903861 15
49.277238162735145 0.5069643069140928 13
1.6842259530615022 5.612201709684622 2
36.145169203346214 35.45912110054951 12
12.971210623069068 10.747352563998986 6
9.793229081910576 21.833076453786553 18
22.34473522527336 16.582078682457347 20
6.891944764319124 49.43022648490304 8
35.043304861927055 9.740347457418192 16
44.55843118782563 4.132970272263975 11
35.54450502983514 46.708099173797876 20
27.849138314454976 46.869077434903375 9
35.50052422788529 14.205896515125898 11
41.81582653383549 32.29843398105019 1
4.273836289719545 25.194485747035984 7
8.921178510268168 13.153937904614093 8
3.22533025157366 47.59680216529901 17
40.769399168639175 27.736457108450686 19
44.15291820989684 14.406904054632975 10
17.46189168514022 10.149380492412469 15
47.81925551363617 14.914385583950573 11
44.24488145406224 41.52882804916385 15
24.382488462845487 14.551711574772153 17
19.20131951561612 49.92573086531078 15
43.22918671839774 41.19048620435971 8
5.632928623949085 39.606140324420394 8
3.430750723065473 35.253362380801 13
30.844512799413433 45.43176131054938 2
11.700693661316336 24.530899385237877 14
1.4576099132256715 45.378266576457214 10
42.471131022003014 44.27731010431026 3
6.57399173498599 39.16738948765373 6
14.493687731050569 10.16818442378516 20
38.85904001543406 19.33363257860563 6
7.209262657375576 44.75760571029227 20
34.03911442645548 23.998200624480187 5
29.165153051206993 46.64970420571778 4
22.701618304114124 11.722664996833853 7
12.164966098301171 18.709581524405948 7
20.880044443798468 46.9759738485595 15
18.218466499817822 11.36064413257643 18
22.33249294821482 6.286274822964183 5
3.4403872122703074 21.567585623079076 2
28.547714059816293 28.717005024491055 2
13.064274170149565 48.96887539687537 5
23.617149416529138 8.884549137344527 18
11.754608447535315 16.639197173500243 15
4.033860184302224 19.293102658277554 12
4.892225227102253 15.448109965788287 11
18.78985332817974 41.742694374103166 6
37.69014060607987 44.793370468900164 11
46.362837479486046 5.9895639710107975 5
42.282090421227764 21.907386000221017 12
16.26993664160225 37.030003614517426 14
49.9496812419387 9.661030681288308 19
11.632097184598605 6.213083220030957 20
46.06241621181271 7.761629762986888 10
6.332887616643279 37.57563591453527 17
35.50054468456082 19.56136357901966 9
21.509467300297935 46.299563399511065 3
37.84336667447648 29.609431713074375 15
32.58635289340926 34.93130952275886 2
13.25057290217112 19.549528157120744 12
12.585001372505145 20.97232272786076 12
48.03123621184534 46.351878481804306 17
8.72819160769604 6.516626947292703 20
13.6792992288926 40.211886094770335 14
45.35278930349548 15.904179331701302 7
5.6655613980410635 31.494254762872977 15
44.59848978302593 3.267742107473337 10
32.59265798351073 5.427324287135171 18
46.61797304251583 46.39675503397802 1
29.238918006980196 27.96537212347221 15
34.401806001569746 34.744110345031906 3
35.04662315462734 23.70514101784894 14
12.67038719443281 41.53351771227384 8
18.661835423091816 11.350689291957284 1
6.713013123506295 12.219539684164582 18
35.75827108588708 2.0973241551888067 8
8.389620143658977 27.150258466266123 16
5.352146043225925 46.066407135643935 6
4.66235777863041 8.288282881606518 14
46.035218890530565 12.273220949968872 18
27.371809385579997 8.919112396677004 13
25.90963673774411 34.03307423167949 13
24.616472890987172 23.91933115138956 16
32.924044332570126 17.00071600516091 17
11.20174390237747 12.001642064275513 20
17.370191233048697 49.662474747792345 13
34.19202002382368 29.061925599642645 12
41.832266432665065 7.537913630250892 18
32.78642622275687 42.52507373536215 10
1.4296034620335296 38.98677892758252 17
29.486752812694323 4.298944550661332 3
10.480883281626612 26.537559429556328 9
14.92762151920613 27.712438436550684 4
42.23993958120065 5.9116023720822755 4
27.63944518159721 28.287218938777897 7
25.805704067971558 18.01980832083742 4
19.849521925886194 14.723324840481094 18
5.553121535476463 16.338224576748893 18
21.36537890300467 38.31659550768463 8
1.5640215583903827 41.72713708569582 14
29.919506855840044 19.45343659981437 8
42.15603068314415 9.30141263008074 6
39.79634713441051 36.803824372777356 16
1.914358015523726 20.51238228798246 15
24.69611917365932 13.29062992672016 20
39.51657686340741 31.849841112692438 15
0.7290036306246972 44.05920008468925 4
47.164055647574735 42.15044780872526 17
12.635411399508223 17.677240504283017 16
17.18359967959874 17.130000058440043 15
22.520156167810207 39.12717052694661 17
20.763187605405903 34.37399720207603 4
29.00493622383702 37.4586093857376 4
36.80535434342907 46.19729980390972 12
33.25569045497192 34.808477729108084 12
28.828429719886895 45.85525382796397 11
28.818895313894426 26.89159628154836 5
19.01693958237798 2.0399795214593617 16
24.94975314953736 29.933586875502005 17
5.195747327555777 38.78240246808161 16
29.095488190984263 24.357786545810455 19
15.700487212384411 26.876211451398863 7
25.57909583570637 4.420458996378052 9
21.63447853870448 3.155356991334229 6
0.33552979777511927 9.160605857749376 6
25.404904639034488 29.315446405301714 10
29.95438235002173 17.378800505176283 19
26.73562155760042 45.023832799751325 13
49.954621591389156 24.93507402232464 9
24.955631383015408 29.827907509593555 16
24.083657729917785 29.162215033729755 3
42.61167321338149 9.344437856662257 20
39.98482311654363 4.350241982121872 18
20.670147172649035 44.5327610911088 14
30.82868763605513 43.060487260677974 14
39.58545489244215 34.4692809496186 19
44.62534301261303 3.944546343573818 6
22.388847620288598 18.815557393575222 15
43.20404120334368 11.514478634719156 15
46.81568655048509 20.312886832791012 11
22.50801104538271 47.524994603761 5
0.9946753582177725 29.710586649698595 8
22.042839057459673 45.331562615194066 20
46.904766460139314 20.933865928452494 13
9.988364603952876 49.5943798108623 16
43.325886279908104 41.33449943348559 7
22.622896662267177 4.247404079193612 4
14.329839767397567 49.14584112278001 1
36.075817217602534 7.157519033865128 12
21.002931719129663 25.096450153762344 5
38.80649280997954 47.978074042562 1
1.9024248263575294 46.84081909153257 15
27.32417546205929 46.27577323711854 6
14.989126435362044 42.679157849700374 1
27.12597650692466 14.072163003753541 19
9.50946043227372 12.67542021691878 12
37.073437178349224 14.207289160934117 14
39.982208328119725 20.627614962010703 9
15.881476965468638 22.43652908435912 5
49.04419065207801 44.99776539263533 12
18.456095444533794 13.830531748263159 6
42.75197321237927 20.031710799343706 2
41.11540652164194 18.794358140800732 19
9.308278924165087 34.19633833240662 17
1.8516721022119764 47.493982651886576 12
34.94126680603634 36.71219068446501 15
26.74643736250248 16.45420554612414 13
23.082523008729027 42.48941653490825 11
5.861451492413111 47.72714960220799 15
48.66727612228098 42.04473089298375 1
38.17717231900909 10.978945826939263 4
22.485239307698553 37.446002837324265 5
40.45906077054944 39.40501578494883 14
1.1033879700190874 23.69520139331743 14
39.242136050070044 27.118706503262548 11
45.252900347241706 12.912238082235383 20
46.863790924815724 29.582898634172388 12
13.358913655985694 49.16012780908136 16
39.39095480234504 23.977860611309588 6
9.455450489746386 7.588416766146944 20
46.03769316550737 24.029171114939402 5
13.861285220898667 3.912700652003881 9
27.192408123440963 23.67352763145482 4
4.026668294976282 35.54758833962223 7
14.308979172849229 23.52515014917102 13
17.423049483681 22.095178838278155 8
