29.232091297802075 16.031713492624693 12
41.589831928319015 14.315701277140514 6
38.77096175095 32.79827755122316 3
9.637134413291138 21.781438103214718 2
19.46681019441175 45.82220263643034 6
19.337038375456434 6.13939586444468 19
38.74395114342414 19.560469002715784 18
1.1973960013897722 12.22756086721597 19
16.53912267748901 29.651408928561807 20
37.69748680920629 18.379289073335915 19
17.049504612408295 11.475593239095671 10
31.991650138548966 7.49796226250683 8
22.307666757711374 30.679710935852896 18
15.377459898919966 45.44411599283158 5
14.477078103542679 18.861045541656797 15
20.787304228738275 23.82876780063945 5
22.98303418639368 21.363848988500727 14
39.44745514957921 37.98165139985394 19
2.1345993642620407 25.873980706886897 20
29.569676380602218 28.23940290063991 2
21.143055877989763 30.48072602292776 2
29.405796130410156 9.701455328341375 9
41.46417625880066 3.1299540043743965 6
48.495247922566406 27.659322443338613 19
21.266743858003593 26.010104405341018 7
41.22694396239167 5.212236504893664 2
18.982183159301265 21.92285245629128 13
12.500611563043407 46.009342717444255 18
20.656202363991916 17.453808972374112 18
37.179330701032434 23.22144786831144 11
44.72642498094046 20.068086917399114 9
42.6747443516119 22.515066029056314 10
3.5915519206921873 45.05537696976563 3
24.231739051756286 35.143815779778265 17
0.9705022638458849 42.070461056774704 1
11.224878710292902 30.19780036707424 14
37.160894266374825 16.19383183501232 15
17.638383131170137 12.607836812980644 8
27.961514659457197 37.09574662586112 20
2.379998921660953 31.355551173828538 5
26.38804972372818 31.42791271837534 10
33.63755594699669 42.094007013438045 8
15.21364970459707 17.954951608234765 7
0.7940218102966079 32.77583945795903 1
25.85500045431456 23.21404631997659 5
46.807040579296626 43.637462405851096 1
10.732025565189362 12.641777132540067 16
6.785955781413438 24.39397773601063 5
46.17294148004578 19.422215837249812 9
31.084367551633235 24.09112473040284 17
43.56885761094099 4.816607974191312 12
26.28041573009628 1.5903684251761696 7
31.826363816759184 28.151681428516184 7
15.565748327974028 10.837542038521097 1
23.555493032465698 6.787309332079166 9
44.397548625709426 20.761027292925537 11
22.45615726177975 32.61674366279333 15
23.435713439269136 29.988938353721338 11
29.912376700929023 21.263569233553774 20
10.322552446778015 26.127728318223177 5
8.386291709149212 42.87208619888782 17
21.2476487573609 11.29893682770653 6
2.47975099955044 27.25087401166996 13
33.0507146618162 29.473309698643448 18
12.615964393557027 21.653252315776516 19
48.30065339786533 45.274580241821546 15
14.963431693966356 14.313909764823125 20
47.99334444728729 17.589452013808028 11
7.6349337019808505 49.47866224031356 7
30.442132455708972 24.616824903151834 10
37.80430565204146 12.413722656551796 19
5.1421308851863525 33.558356658896074 19
47.902043529891344 5.790584893484285 12
24.047571456647432 41.971893194304954 18
34.70858046958518 18.829960648717186 4
13.194499452297864 36.32897604482154 9
11.842439799500603 45.954688328161446 10
19.680351148309665 25.909637265359585 4
5.109118774419197 27.92874676074636 19
24.31246948915372 25.712861744828388 9
0.759463540723937 4.41064169459392 16
24.756327645197274 22.220777152490466 2
22.85533258000896 0.9438347456197205 10
47.95231703533591 46.61829298185182 9
43.99059093321497 9.085272140180678 17
37.326561905999725 31.6881583783797 14
2.57905210846367 40.46577400503241 17
1.5402154823180303 10.494447821866338 17
13.18514286451093 6.495042949471014 2
25.006465959785224 10.163072241022537 18
8.754519180629977 27.324992499229054 19
38.749665928281054 35.77967304286007 16
49.94989847830645 17.93298362526452 10
47.85027791516986 4.437414759607561 2
1.5428002208406677 11.503471157308498 9
39.46049970485637 33.99677711467242 2
22.227238460407232 19.92769265936551 17
4.2376863982222455 48.06334817968061 10
8.099901494023054 21.863073278160293 10
21.458588845696013 13.769198020628536 13
28.823091959654178 49.91485952266048 2
43.28390647930155 35.60630365657967 5
31.595048929176045 32.829542136000626 1
19.58923812868953 44.18386156649133 16
14.530830146618289 43.21111556910228 20
32.40271965822445 12.619915747148946 18
9.932767249983671 12.146410636993599 19
11.87579783117062 48.55880182142728 4
31.694034711126477 17.17497456441596 6
1.7902272372207428 3.0447153249993972 20
23.007424095599333 19.672725558500627 17
19.2613125554568 1.1114994539320855 17
47.818631006350856 8.253963608060655 2
29.860299831143315 10.104000048467283 10
40.95292072306341 47.675309083515934 20
19.929993108211725 5.027064040865248 9
27.506803267355174 20.588777276159036 12
23.326599411472344 48.65938982555936 17
33.676330660981286 29.33840238164288 11
5.222449841273175 35.321993684006905 7
19.2242879994699 13.182573859082753 13
45.793496758747665 11.423749121893279 14
10.160609016946125 30.522965961216364 8
13.727891156568456 48.971384691140884 2
45.6962164254638 0.1616122922082408 1
13.964685078242983 23.74673817857056 12
13.072611282146173 33.183106729370515 1
12.841718692353421 13.843979029350766 13
3.137850274085563 22.210055442878506 5
17.003233819870957 4.068851217561215 17
32.687329425793585 13.74555244708106 1
40.68101041074052 5.011842754245355 8
28.029800157092982 46.75524159065272 5
38.29366281880181 21.869094181741133 5
32.53956281725998 13.330799291339918 10
45.18822291824608 45.533443534114085 14
7.52314585526136 6.55538655209647 2
47.27495813285809 20.96728066667204 7
27.597958030221275 26.841892889929326 13
42.38062475141848 3.9405700722680734 9
32.46482649030412 4.294076069393937 4
32.299405430511214 23.113231890909773 3
27.291237617225967 25.367773945433402 5
27.358581578495183 40.73669926357303 14
47.99206428263971 40.30790297931176 8
42.97566998387607 20.372198861236107 17
44.830996455315244 46.813139784917 9
25.860644136785705 28.522409933329552 19
28.019116956773864 40.7338992110087 16
8.188827609709525 42.0870475072471 11
22.08071644949258 19.83330415311309 18
22.697473374265847 37.23769077329238 18
9.926699268684969 24.501301898802406 19
34.73038977750706 43.40697756824401 16
1.3628841350884713 3.4818025319133197 5
44.69808546629439 14.16514329277661 15
41.97392981089029 12.620666394763008 7
7.864333794165357 45.045949740808474 2
31.311043359922756 40.21523171063113 5
36.81267663366543 41.173604235038695 18
47.73612693283199 25.854457116775365 15
16.393209253899073 40.99929084372372 1
17.48379867616779 35.71778744914656 4
25.58212268910039 32.504598317494256 19
4.274505403175377 30.67179400215112 19
37.8755190550571 44.14062466463597 9
1.8292636045485144 30.120195855512478 1
9.739010868298775 34.40309627561874 17
0.09826115223280363 27.232693771127455 1
21.573123019523337 8.125388509789122 16
5.906809033681726 49.977576052036795 13
5.0893089749318445 33.87995019280632 1
1.423236967775432 44.32587878372145 5
27.295021400967745 27.05915778973946 11
46.09953488346697 30.526433644834377 17
14.25997481093096 41.805260827171494 8
32.153166477215755 7.3596521888971145 1
14.447665342078503 3.411879530442674 12
47.101787577384314 27.685787193200508 4
10.832500472634049 18.48826437770958 13
24.08391224933738 44.92267497481001 17
48.29430475103108 0.5974822218390019 20
29.606574158913766 8.613611236582724 20
38.76888573346812 27.026938817544544 7
26.843833328342104 24.536570147451947 18
48.36002617516613 34.61221224558895 11
42.721799075836266 31.779313948262743 4
36.68743443515221 42.801354244663095 1
3.9474186377793155 44.147831689990994 15
24.084973432128304 22.347448553871534 5
39.851580619166704 5.013449102437417 15
5.421296369886209 48.35331701632767 1
5.5334331407392305 36.53884114615123 6
40.39340373613645 32.87689906025224 10
2.8650549584078644 4.307464635645708 7
39.66263912855474 26.619184835891694 17
18.18139164633934 18.715474890022083 2
14.931312251150143 8.985954193886098 16
30.95081682390714 6.360360001861104 16
49.036158199856025 19.828192745685215 12
3.0886907149796974 48.05329361038873 10
12.497241967598056 44.70071629036009 14
3.548150231160413 31.558736829301342 11
28.005991310788268 8.631488666115505 10
19.92130913540867 34.45051465142514 20
31.99653503864319 8.033581646658972 2
15.597514798464829 14.240576125605259 12
5.471422977831591 39.76435179989198 12
44.36779813812661 11.061076964700922 10
20.362407456581217 28.715106375528144 3
36.01530948429292 32.363873184434446 6
33.89443484122768 36.98507764343023 14
20.800544503791645 5.037355296616014 8
34.05709465667447 18.23338110005846 16
8.141112018256196 20.856830644183137 12
17.866997336221612 14.14433741718391 11
49.09334978098478 15.126953655665416 13
45.00770017345692 12.898510232028965 14
34.9506905678703 45.67269359899129 17
38.8693352851704 8.421980225814746 9
38.809571947798126 36.58308311711599 6
17.621845332087773 23.849201034635325 13
15.110992720884592 8.442020786957439 5
39.59670729301845 21.11744866893322 16
4.038696319961904 16.89013494974204 5
29.314411705525806 41.22164954292915 1
16.355444849248475 26.96637191855324 13
1.0137546713957335 39.197239765446184 12
17.45858377545375 2.619337253531706 18
16.797804369447267 40.9584193363807 19
39.95395714378594 6.8340345153895035 13
19.310974699986854 30.10367420662275 16
37.27869323044282 33.68060675271563 6
34.20373864284076 46.7180134311804 8
30.6893360249768 36.20625919396976 9
21.841408575781664 22.867522306936245 10
8.773392417102476 15.107870332865115 17
7.493044838968066 13.911950289873086 20
17.865825933470664 17.388681272526057 13
13.604815585465857 6.668208247198298 3
17.230838765705876 7.434957032637712 15
39.691292743998 8.071278180786983 19
28.3113945139367 42.298226520430546 5
42.15960952228922 11.768636079597345 13
28.196721021298956 33.38399405466637 18
25.48748235294792 44.13310089289897 18
18.972538310974496 39.543204450354466 6
48.23425934323799 39.385084948393605 9
33.695690647557434 30.134101346506228 20
44.76718061313799 11.058518227340125 12
5.010818879138373 31.25072382868559 17
17.81010453287767 0.580971178189782 13
25.364311116747647 2.392961059221271 4
43.893793366481404 44.66113752639597 5
17.766794689547645 16.153542341006432 7
2.0297741247256917 21.449981012769374 12
12.275749383665557 29.20939915731803 2
7.513905819542543 1.8657824962562075 15
44.186636481866394 34.65069432031936 15
12.662020080625302 26.942872474123767 15
16.47621101927114 36.09761587387606 13
49.78883310793174 2.8670735292264213 12
32.28569704526959 0.1237964285453308 17
1.0237749162852139 18.94555504221393 6
34.9716480153988 34.06879155680751 15
34.128484180799305 15.819624273311122 9
28.84896887153102 9.714777427062455 13
9.256171146352637 11.53873061967352 4
1.4361946694750272 44.28397895479476 18
40.4140725778124 45.3478179892975 3
22.39811730035029 1.3794527177252824 1
29.336165178130535 38.96109904748096 17
6.877580402714411 33.09533948219066 8
46.62967941404755 38.61498498677241 15
49.216853205105146 39.80175100910169 5
14.733886880841995 34.42895099167719 19
23.766518900728155 47.74252866203925 17
47.64070421928345 35.15032390272857 11
4.853894836517014 20.878195686783574 6
8.36024383159057 31.43185685667301 17
28.199293781125807 8.366459927501547 7
33.94332677070503 40.643287486395735 3
6.267326708019377 2.137132287224314 18
44.25210312762303 43.5835745532783 17
27.508669648632388 34.98862416797705 2
6.3668609045393785 40.987051338906674 15
45.51390072087026 9.923955702753851 5
33.506082217224616 42.75631035608127 2
3.7328482842388153 31.51281928642345 15
2.472810792446123 22.06099760482895 12
29.65812449632858 4.190054770268975 1
8.959856357269846 8.352519925227398 3
16.495971380894836 4.6156323168263675 12
40.99171891356031 18.97712579473595 2
38.767888317956825 41.772991630043286 7
20.895932536478014 40.78105452683658 14
40.79061761907742 3.0924028196620545 19
9.682291105471712 23.481294858433486 8
20.032083631472435 0.497960316918028 10
7.8014612651429 19.62500535608187 1
48.66160329844956 39.36130192587983 2
20.192151339005903 14.807600012964011 5
3.13354515533516 24.172883129747134 15
18.72234023385728 38.412538670654186 4
2.153880747806014 5.6409161877162886 7
43.314412584242255 15.924104736198819 13
41.453860328546845 43.54128625646735 2
21.47137716436332 0.5950763907426271 9
2.742681133599617 46.73117443540686 2
15.712453305036933 23.23826583670783 9
12.790891132967925 21.40084135636106 3
32.45711162128303 35.72237893593312 11
28.929046511715566 44.09196716445706 19
31.944325386682117 33.51009572693846 15
8.487009921102246 19.414763595612317 20
10.9646757191823 16.221104656663194 15
44.00743337007083 23.331317683217584 4
31.091729899624575 12.061419992331807 4
24.668555510496553 39.18167008995411 5
9.002438361891379 22.884091464721845 1
12.464617866841543 15.90969985066244 10
16.70699247013627 47.266047343664674 14
20.07784361452327 43.583067593188375 1
22.811700995743102 31.68332149791872 12
43.050623072413266 28.316108404738387 4
21.70108735129842 18.956908906226584 10
2.2831792879268953 23.404828295628345 7
18.135653762570563 21.9075128961544 7
3.97965733789209 3.119258964396232 10
24.02065077650838 31.939292906733446 15
49.82492390866241 17.620994397859384 11
35.33736485060414 8.063746986119053 8
24.31894863903001 15.579571757195732 10
10.612045305337942 5.157804277805439 12
42.280968297673695 41.088575209933545 11
46.4084382020307 29.433887447003652 18
10.132885421254223 33.83916403548068 4
27.91782457038487 42.324789528346976 10
5.724917830660803 48.71977290528539 2
49.31931140979194 7.639975807087007 16
24.14163204537812 40.13904556739287 6
48.56576799682366 33.86878441370836 20
49.38117345944815 30.674328166796666 6
17.73169046186999 10.813156090039167 6
18.90116280444744 10.85830849975319 7
42.526435716181005 5.090691832903616 11
47.8186520103512 15.209241579703559 9
46.994937389855465 41.78054185260182 10
20.336372934078472 47.05001928993321 9
22.179204230882675 2.5101700796304858 17
49.97565411006485 35.90356418198752 5
35.232879581196975 9.245770358816324 14
16.884770800967434 21.373701773078523 15
34.05703369080108 28.736798709795842 5
1.8495839176241202 6.007727717704725 1
7.827773280173273 36.24952147364675 17
38.92407114052697 46.35391773433074 18
37.495447953618346 35.65405270989917 7
36.68482179657656 0.8865816340087707 1
14.002582427237126 1.1734320482820082 19
9.99811639690799 38.63683786367447 10
24.722287165583328 18.934197329909626 18
23.96120643481631 5.148551529765022 16
40.68439686532062 18.625216701260822 19
47.63889912411371 2.7722378184198315 18
24.88347611554977 15.189326964422406 19
39.623498091181844 32.978581268878735 2
15.135589199454186 43.19643448929219 5
27.310758903080234 27.07123369885329 8
4.385118027339008 39.49694943149477 1
18.833903520311225 17.774029890982053 10
8.579888726986123 13.358716027082968 19
29.105850398820145 38.818405701414726 7
42.409406849981146 32.239310212928 19
17.58884423816132 47.70727028344821 17
9.901180999619196 20.632200452673118 5
6.128629842631527 17.33127071919554 2
36.49990595920015 10.83845511539675 10
3.687904680513082 28.504289083409272 2
47.40241710549341 29.841974693927543 15
47.0914800756908 8.50201125469815 4
24.84315333672477 21.980600127958933 9
1.4133958500670396 6.301099348345785 12
42.59644797066822 0.16945914515987814 8
31.824274103919315 11.601770587756416 4
7.311480144658416 3.2477775971093967 18
47.953974347390236 5.028281308575328 5
48.19451688848276 17.625550504736186 11
28.85387925658463 17.07494146945903 3
16.06616327864448 27.171167185841906 6
31.692923610569085 46.1641444432975 20
49.8699396992357 19.511893997360463 15
12.642597611568867 10.298676434253846 17
23.000038496503052 21.873978058234012 13
19.453049714633536 35.485773653229664 17
44.043073911620404 6.340539504316395 6
0.9675349345878159 21.35779923844584 1
49.177106148379146 39.385723476442266 17
30.82091008486075 35.36013007328208 13
46.11533218177463 5.590718632667052 18
27.84278226079422 20.046302607253434 2
29.487424634418296 41.459860679886866 13
4.530760132055262 38.017792475826525 18
26.84917587411972 24.185184193565323 6
46.58841259148408 10.626745833647428 12
19.58865929737984 34.451133898908765 20
28.281490357474414 11.890236811849586 13
1.2820853953043332 46.93954190884983 6
46.0660179024319 34.53884591712103 10
10.720509619979806 2.0922605049603247 20
47.063363346488146 47.59771082333105 13
10.92983116584047 26.17435250067291 9
36.12328303734418 38.83804860672913 6
40.0312295698801 27.190331087556807 4
15.82711348394048 36.701037235266284 8
8.964810736952883 30.389820886384438 11
4.507997442498351 44.48605230518623 3
25.5483942181717 20.788471228246003 6
25.25761239630599 40.1634633634235 6
49.46107002170729 23.941150203535827 9
29.956834859824212 17.964694740751014 3
47.033819215322346 26.516883390491824 14
30.476654304073293 41.88633848224716 9
0.8684214899807086 49.2448618242655 4
27.172974244033473 43.78572896675512 11
45.50715954831511 42.3875811625191 13
35.48611606791954 3.9856765463797847 12
28.04740157101515 21.20322795358383 13
42.53940805537461 17.891507110545568 4
13.844328679819995 45.1073785743882 8
16.403945828827705 42.8843311701628 14
4.369006367607947 23.637622205432233 8
34.16432149442235 37.658438339452296 6
37.105751622848956 2.519676464910592 9
1.6748149483353736 42.84452043085082 20
27.618909142899327 34.84087653502127 17
41.71384935386108 40.53913439557903 7
15.886534191531437 5.670261010837785 3
2.3783898482192702 47.41047653424909 19
27.111744295609185 6.818843054879037 7
33.511526012921806 11.205231790707664 1
24.581302450192723 3.9787184456099745 8
37.94334650052735 24.52173897279219 15
5.662195150376021 25.24461069974513 1
46.60342306137708 41.135970648351076 16
32.28406713881362 19.710550880594376 20
21.35360764281609 16.91071892297738 20
11.606422411753298 31.519930388771517 18
34.85840359805233 19.047555252896665 18
0.06958323741104167 47.29760438060976 15
36.45909335782916 23.882345807308024 18
36.258351982902035 23.69738407399003 4
37.52990491563379 44.57033499499784 20
6.191898322826484 7.692547632364743 13
28.780966148518655 38.12685529750438 5
22.918823328518496 45.5007245573334 12
9.454188402904107 19.695683351691724 19
9.962167999260368 31.83572746151839 9
43.79294603412171 35.57531120206478 18
36.4284397024272 23.15729459454824 12
6.21315418319845 34.88764110480512 18
26.029882755297244 40.939794498170464 11
38.16598138201627 26.105282284214294 17
25.60460156191989 18.240713726096768 17
3.062781367132011 39.96362556187379 18
14.51190074241579 17.019826734085818 2
39.45474313857012 2.371272021151433 20
39.09978522882446 6.5694632736338185 18
35.30196572529668 46.55314301231531 8
23.475919901244186 19.141641371807182 6
9.738167604084424 10.914973169464304 10
4.593964459820682 7.875874087441215 14
3.1296077986198103 11.814809722476372 10
40.23261536227739 6.212858462080312 1
30.792183932270284 0.9157570725592257 19
0.9666147246511492 9.923206249957527 19
4.754359565371502 34.17537461125541 8
6.459629546321743 37.02528630153037 18
38.90695940715615 48.23004224086166 16
14.274880429588904 34.07291186515309 4
8.399800098438254 21.334329312337076 2
44.68396862568333 42.25336378050436 3
48.308815343214334 26.870757274196006 3
41.17864002501395 15.257612498677531 6
42.284683428643724 29.07853752455783 12
40.14626592428229 35.28508447714325 8
35.6018021623616 33.719576314665595 9
40.14787199029489 7.451953648838066 16
45.220818562630846 49.364241638134146 7
18.463616922591736 5.514104921440188 5
27.36136267640299 45.793802325094205 10
35.08823737163914 3.0309800385727 5
34.183162534664355 5.367340467265813 7
26.422471891790533 38.89622727693309 5
3.947663818097902 1.8303306820231624 4
25.153816757406194 48.99205792687155 15
14.483436703712588 2.726196492138422 7
21.89608389335829 22.691217320355715 14
26.079971790468605 15.929396338169378 17
8.47314069515579 27.132341055130365 10
41.959404226432646 7.3997015732724325 6
15.368538050476822 49.98686139442371 9
46.76590294225547 19.299311330666686 4
43.969543643807505 45.47382023851664 10
10.508788468267838 46.91136939025998 15
3.117777059423293 20.85905018939089 17
37.00676715382141 1.0145098063685631 7
41.47432614148316 34.552075766543226 20
29.48027859622165 34.40421451611412 19
7.293227254359957 19.718848662029327 12
48.87820970807239 34.38124151021994 13
9.563385487704213 9.30354649178285 8
20.70656251565044 11.752073920399415 13
43.784579683072664 39.725734606307526 20
49.92373515340972 9.31705861955036 5
23.085629740095214 18.60691545123871 7
12.291713997700814 39.39351752368727 1
24.91636693743035 41.58897521174881 11
27.47604738295203 0.9379686409199173 11
3.9356134006777124 13.479761268579733 4
39.31109064968663 36.073257144405616 6
25.378302224947557 42.59221467384349 5
12.792352626022236 0.5797501241106895 10
22.17784228576586 37.32830654999814 4
7.239956532718006 10.88300433368471 16
13.603720343629094 22.40448239495508 3
32.58478914506545 21.80360061864538 16
36.1712649135466 26.91466028352586 20
5.117678685542937 0.15727958703790623 7
14.506319485997132 1.253361991236429 11
29.336672382183814 49.809032954306474 11
33.3882146079646 15.854049226612037 3
47.42659129874712 22.972078191891633 19
49.02439804628036 20.605691886512123 13
9.579367541673623 40.2064349305143 9
14.417357212186882 16.53985359824753 15
6.1776108371086655 19.45059435263036 14
38.949686462382886 25.418692039625302 5
42.381241493978585 1.6821046196947798 16
22.702500097086283 9.76647618441801 3
27.275567504242915 31.23406616819152 7
0.4336656537285488 21.68160998186067 15
6.926149574745527 19.173894507045762 1
17.70476663153746 31.44621999010545 19
43.45071906695978 7.551655818179171 16
16.73190680786043 42.04059037501303 12
35.52293828648768 35.81250931870283 4
44.30242228731457 4.511689567499006 1
38.77777128026108 35.00199066293385 2
45.59883791806338 36.64704990366376 5
19.6008800266849 39.30371303252776 19
25.72954710840964 22.644234593140368 15
11.988419042701548 9.056078170168519 15
48.52353091559624 34.0461973319333 2
15.481573452190734 30.153127034586426 14
9.807023674526894 4.007533713809735 1
25.02494214970863 17.200916544473216 11
47.70370663294531 30.777839020621695 18
39.83548592029707 2.6625969684670956 11
9.258465934200327 39.01780606940346 5
34.57182556676031 10.03743812417987 12
30.047170554320076 0.2902956019976366 4
29.96704867188422 27.010466795605666 7
7.445709380580445 40.8351965216698 4
2.6464511111731093 48.229837103237436 14
16.081949777575748 37.064412865008904 8
0.9406666365068594 1.5553290970830413 1
4.011722208982188 43.03036658704385 7
15.346193139597968 47.420437337835395 4
10.719725122239277 26.669615998031055 12
15.039214850295457 7.819489680304992 15
20.75511623095058 19.366982626493257 8
13.355492866157698 11.593706597191488 16
27.06090415440277 8.136491159745168 10
0.20164412042454338 22.916707579384273 20
13.464260057001676 24.71570702468539 14
1.2000492559803344 7.322187156912707 9
37.19681764310277 32.549235965198875 17
40.99002833525534 30.57999904632761 2
49.13430754019695 37.56572360027132 10
31.716586942643936 45.68304382297503 11
27.396097514500983 48.976816232150824 1
0.35846753220994954 49.64984348784194 10
26.985497586699896 28.70905815261984 20
30.473450045660833 5.884817120433572 5
36.99419089580127 16.710984969684837 16
12.43638893809041 6.70495135327554 8
14.87208972951798 35.19447361712885 19
34.16262546140969 17.25263566776664 14
44.06887922850722 28.298423086952646 7
5.856171278372951 4.805434467248315 6
48.752461803983024 6.68643645456738 20
9.049026490759166 48.25839641870963 11
0.49623534711207284 31.17448876133775 6
48.19294406127784 14.746531288930226 6
29.474983477586374 8.224277045217487 13
6.649575546256065 42.78635133187853 6
49.46053562615823 6.133305673802026 17
31.506695180363604 19.52005631724083 16
16.315849173293472 41.635896986878855 9
32.58423752986814 14.320144703465566 10
9.608338454966919 49.794037662590576 10
36.67252751967959 1.9215658157194782 18
47.722427120036706 1.2875383857509914 6
35.31631771595236 2.4519983370875744 11
33.48770639983757 10.215113622699418 20
48.34114054670658 29.875700975458358 8
0.9909870689640221 23.82813170621298 6
30.67670946200564 39.85329195775713 14
36.1371910989444 25.875115760456392 10
33.29943104311827 44.581520134781044 8
12.339378390574362 0.8272981772376786 10
5.637302841280084 27.743017844938972 8
1.8136896583458684 31.131810782780313 11
0.605905455262784 0.5417425636736084 10
10.364850227987343 36.04432141011003 8
42.666226671598665 0.7918269487981078 5
30.188894924097635 45.8991152796232 2
45.34372947898485 44.16838094346516 1
38.200363289774344 41.751270113399364 10
6.331481419035834 39.56036241342192 12
0.4022202733654445 29.130013190283492 3
49.217778251038695 4.738443153683508 8
22.367247442432873 36.43686271721789 19
2.928915167361712 7.385596286151186 12
45.50220800299377 2.768586529217809 17
26.251733309546527 35.795822768925085 10
32.13420524487361 41.25097939782765 5
43.45574415104442 2.558270077639657 4
36.24552773849106 21.148650643018886 8
36.41045327529119 13.240926603962722 17
17.283198634568777 0.24942049066227212 3
46.31351941639589 12.0341245019981 16
29.410891529005223 19.646636001002328 9
29.29660698361321 10.291611113149585 14
49.27436688609324 7.224006959812767 15
46.21339804044467 49.0112496007349 4
11.627597636244674 11.948493944167227 4
34.096155206667504 46.60316310555662 11
21.52615903067835 0.9292465069621558 20
8.950385322258947 24.617041292192397 10
0.1708323038616122 7.859486406078897 12
39.61518487509719 36.610911439175574 10
24.900498353812395 45.26648287114472 6
20.753439531631162 21.78561554533307 13
1.2491401564171445 39.54190651835786 8
35.709827146966305 42.91147308965226 20
6.150983895834322 37.3343447916272 11
38.454638063931164 40.25624254603046 6
30.039831899437942 17.733991517741117 14
23.47040406638459 17.641009712388573 16
17.30485021091028 23.292781452727198 11
24.585023864547356 14.306430617233007 18
41.6505653529545 32.432800641488704 16
21.441406706819606 33.27547404119394 3
42.69426302081192 10.418148235593144 16
22.45823874532488 12.436198862261561 9
37.63054177304781 35.030655348177675 3
26.90214986305123 13.173501685771754 19
14.648089892145983 18.015734634311958 16
21.20046641100818 29.289531098385396 12
31.173330554357083 31.925479653154266 13
48.53135226744673 22.19335259236149 1
22.12920462712262 29.483534578656247 13
4.447900752851098 31.359539333378596 13
2.80638077893115 32.45339531284838 17
44.62540259555854 5.709706605655768 10
17.369656070184558 33.798856206263146 15
7.914516510106146 18.897940252411132 11
18.42145287610697 21.021679994736402 3
20.234489297918323 6.001166050038193 16
4.773120174331119 25.094892100022836 7
17.37958880484963 4.360964254455474 20
3.997863912004207 5.355870450240369 18
17.978594552086996 5.270450106501434 11
41.482660401150206 24.06118924561071 11
11.384830090717013 23.28018912424179 17
9.999415468432282 9.46917195528149 8
34.58047705978126 26.585668698209 13
6.277879701712624 36.475634820875044 6
31.95831773083469 27.58143180831442 3
21.754717213183994 39.128634173688624 4
28.619866360272084 3.186298146475303 13
46.35169287469789 11.054141425891995 4
32.80646130843662 29.68878242968307 4
12.423275482789675 36.77867105696137 2
35.73476477099193 23.55823362318845 7
44.10532983798668 8.392384449900337 20
14.729892825721802 39.754606932193454 9
13.794213693876161 30.943811106099556 2
37.42020045494784 49.42224752948186 1
3.9997760528072246 28.759103913820393 1
24.10086846567772 28.063372392263364 6
20.4678335053768 18.714736565068357 17
24.669198894168538 31.8682295473905 16
18.362138784895215 44.49149815300191 16
2.7428930244293603 49.34285953798656 2
44.74806880555827 33.83512966860486 2
48.37775438027121 38.38570962725376 19
36.03093935755778 12.081609917441316 11
47.376312660069274 10.392982955890433 19
19.44189030480903 30.964061939216407 5
25.72595817543283 22.83028280771413 7
5.528929108378483 1.8618235352744927 9
24.48100142801018 5.8823711239799295 4
5.483057594425106 35.565889373692016 19
36.59303652065889 48.93751181883725 3
25.553909561953255 44.401556034359444 17
29.077520617134052 31.852392635314867 7
22.385014963773152 28.927971788968122 19
46.08384830071874 0.4227362599354689 15
33.37507056652079 25.88942192541167 11
3.3468397471392075 20.508403697483384 7
19.681360323557318 21.627871602015077 19
16.087054088276105 40.41246956754652 3
7.030836624126236 32.4125107225116 13
13.617201484228636 39.61111457201997 8
49.28189603350816 1.225148656683478 18
1.3136238703597647 37.91152356218485 4
32.000335048069395 8.977098163531455 20
17.247944668227 24.715372784533727 12
4.768146640512078 14.425517038019953 18
34.88216360943362 40.20495290661233 5
25.88854792461776 20.106927961454417 16
35.1858497494098 20.25551783979653 2
35.349338064578475 5.406075323229037 4
11.729967533088736 12.125879330435719 11
5.192768840207545 31.614696803492336 14
33.13930293386612 45.98280672323251 6
0.877642238901033 14.721646027971364 16
12.352689279069622 38.20171670077533 16
26.303784336057063 17.68543568633081 13
32.68807097884099 45.192377979597524 19
29.463991280263578 5.637772688161208 14
25.579614166589465 43.4518996041081 16
0.608378505442847 36.443929707916716 8
30.505929041788765 2.9679319334753873 4
0.07774478561746179 5.043937788554176 7
3.8578001377100324 30.42703023957249 16
25.88151878505242 30.291450058828552 2
24.1079063529105 27.462231077556908 3
23.422483747361206 15.68679511089317 15
23.21955080578009 8.114786402357621 10
42.18513806097188 49.71883724770758 16
36.034043095401785 15.134405692810383 3
40.26144905364658 49.66810194947056 3
3.5076248661151386 38.5627313980098 7
8.204227274515919 2.53910825226602 1
49.027054581597866 28.969376992119315 6
7.087743325301954 22.465199769236598 19
41.508868404725256 13.118204043079384 18
34.37538210679509 1.2245729611573886 13
8.164342523227669 14.043937799581945 18
48.27247436869385 36.23960730256437 20
3.421548610635061 49.44938443543187 9
32.397294438140094 3.026552423133777 18
22.17411962529753 6.452010189335278 3
38.37481581971951 21.55661209187168 3
23.13363678061677 44.59581118517932 20
6.918709211841822 27.87779546991015 6
11.40710077231209 39.06763985183862 12
9.58045856116389 27.902816210823556 8
1.6235826412994314 29.54984566585745 6
1.6209790986115802 45.598347591936125 9
44.14824374870494 49.54123564285867 1
48.63949763337689 37.83388865227124 16
23.27048254735472 45.410409442931346 9
23.38368046240669 35.56329444488097 9
45.92553957167672 32.36766946166212 3
25.821052627580254 37.44767872390254 3
42.413107341491795 12.750525760125237 2
32.424391309040764 13.626007666224844 18
5.969291304580832 2.566990768316224 10
20.38189700424582 26.34177575615319 17
28.85242946512532 18.974741983104426 15
0.7242604911905093 29.786965410702614 12
32.27433041366753 39.32451011992453 4
11.59482802967865 44.84794448175292 15
24.555713209407198 3.133739775316152 11
35.9312543649832 20.407455603884216 1
6.992064325050729 10.83102175532067 4
37.20608849941678 47.37919769446564 2
0.4391487762942736 3.7495387762822183 3
30.417900020163813 29.601492659160982 17
12.115373024155163 38.304095650354135 14
18.415058067424074 9.722597752281514 9
30.663608788734003 32.075009520191564 5
19.130826515242678 30.92205866318552 17
18.936632447349766 15.429559086702904 5
23.965644669329034 11.121802557360077 1
48.5318865219806 36.259217661495285 9
8.89515465667629 1.3805427221072086 10
30.25958598310095 35.962742970892755 11
43.895906524960694 18.105634038788537 7
12.167760628590536 6.638697438625457 8
27.84924934010469 11.841320591866117 6
31.370543779184334 0.74660946754741 7
25.056839562337906 35.30529890776191 5
46.67609099171235 6.0226943205817784 10
27.45578404631237 19.104616084412346 13
11.051937551056545 8.788824892259495 1
8.881840125866914 27.92541141701303 4
9.974507266475646 15.851713747005846 13
34.83476608006145 33.42585063565045 5
16.409469201122622 3.2503910714278215 1
20.466110820553297 13.378868429550767 16
32.255773241624205 9.379379567430341 6
14.796862856438759 13.357307882017071 2
15.993742774880793 39.26495581772145 14
3.903013394183591 39.36206184181697 16
41.91833676055565 6.377660246292066 8
49.405085540312776 45.24821592807668 10
37.434609091389255 4.056895228133 18
21.24334678350346 7.666914612130194 18
40.01483585963276 28.840007223129366 7
23.84209922799578 10.461914106645121 1
44.5243717205557 8.995732279624736 4
40.87576176808299 17.973431171230075 13
48.53478784552275 13.655514458352352 5
15.0994094810105 36.166904664466074 1
9.337204763710172 22.71936526896432 8
2.6798368526657956 12.161762177915014 1
20.795774694684404 48.69404329086857 10
25.462962061775844 7.086532024089759 2
11.337030627876604 0.8694969373772676 8
3.0242972472540206 20.154162585044393 1
45.3383471694188 1.1391615364707064 20
3.185301201713747 26.818066641222575 5
21.37398886121129 21.985568693353752 18
27.05082767498115 7.2198427771819285 18
25.01956864587121 10.015777879807692 6
14.129150016996661 6.255323607990205 13
6.965743737211472 1.2740334253421304 20
40.11891437592304 29.83826156653105 2
4.186968123695905 37.46690194708635 14
26.717498001038354 6.6864208610075195 1
26.62480761353755 44.27350939234233 1
11.173498563942802 31.96573541950024 14
42.1329263916434 6.823215462735516 18
34.20637593992393 19.3126519297101 4
22.528106146172604 29.513079031492374 18
15.01841712610762 14.364958520710791 7
22.32500727249493 17.238445817333165 2
0.17394451935384692 47.30861683074215 11
0.20076380052081455 26.727522693384675 17
4.130727989947813 46.603043906855085 16
5.168970705802184 40.78325693819275 1
48.390991840201 28.433253646450062 2
44.101025113487005 0.24940665626700387 15
15.047712490543292 31.059960840646372 3
40.602978741306984 25.015766257284263 5
14.593876969827303 39.16988496214078 18
4.528259744648766 46.23575984562562 13
4.858455014751878 27.5107461620346 19
39.75285227375032 9.854605602411254 14
48.97710981510977 6.610503488740793 8
31.227479971287853 9.488878084992997 12
18.99247769469991 17.638147343150955 8
29.733352134255963 24.162246869348948 3
34.4452465703416 49.70297926518144 17
49.430487580554804 26.964207863261503 20
48.03025243607751 21.730541082243988 14
31.36666456369226 15.498511767723343 14
33.47967217973412 26.401260069898786 12
12.171261644534276 49.961772239865816 5
49.345366634135914 40.881610537340045 14
9.156699132680368 46.439124505150744 12
15.886583359714152 25.510371285293342 10
7.533034309520259 43.14814746322724 4
48.456032954665304 42.756597596728405 15
7.538286007285966 25.6188571326603 12
11.551091598419388 11.414379476853153 18
42.97167818173033 11.20337465772439 14
19.65240281382289 33.0118077466368 20
3.055851652828939 0.18232392587865243 16
46.9369056410139 38.560632755968605 1
0.2761745972028884 30.59816400065079 6
8.71472168017593 10.881314069404285 15
45.829758822245466 42.82577757230991 1
31.997137289806428 35.5209169122759 13
15.862314973928044 48.8626787373049 17
7.437134840166393 15.846297142329924 7
15.588821745933924 43.87196444704749 5
18.53411595711169 1.2831995010371633 7
31.090195737622604 23.965626915095196 2
42.084502557577075 16.1493573440113 15
17.24365695302173 13.22957927846819 20
27.46334393227805 1.6231205596976273 7
10.95718307345393 24.637024966901354 7
10.94134735874478 42.64823312038044 6
32.592039092450726 43.88243353620558 11
5.19650577444824 37.04485993574146 20
39.72240384420632 13.644381779547892 18
12.597446383804927 16.795134995853733 1
12.15228938528609 12.425234977461425 12
37.634444218259034 28.62700540717167 14
49.619801348444106 29.630529893372508 7
38.144986381034 42.193281156517465 7
3.589585805002149 47.93214351719725 17
26.271299626968492 48.146348996074174 15
26.518241644459806 10.633606970447362 12
39.6023986743058 7.515397085432657 9
29.640322272301123 14.737903348146252 8
42.69930247152246 36.29977711574757 9
49.580232453296446 2.2078120817514977 7
30.15039212378851 34.55808323979631 15
15.59339510705139 18.315756337107107 3
25.506139905333242 44.790366013697756 5
37.5707547156662 7.404587649489535 4
19.19336682261188 37.60385445899846 8
41.044909306616496 2.0336897622662664 19
35.26392115967081 27.78081827516308 15
25.796412045438665 2.076218059755175 7
44.695919107619844 38.38679526979545 20
44.77600305698085 19.632276362927165 8
21.903868009017586 30.437948717345492 14
5.957014374261788 34.48382776205195 1
33.38807557806017 30.269450742231612 4
13.966538706165155 1.1607890518181674 18
31.903555676912475 17.28099833432499 13
41.15202511965848 26.676180921212854 13
24.00124721954268 32.38842409594469 7
4.27282835175149 10.927789441728475 11
0.606573856923015 32.42055578308044 16
44.08798568177207 31.90679371932168 11
43.780620332201096 31.275567583974322 9
29.27978934932922 35.385464724444276 18
16.00912455362536 21.44019261424917 5
11.561881562304654 48.45032406099113 5
28.832961877223735 17.754464498001976 12
43.41472435221812 24.82225483847605 16
23.46867184564545 10.228902098210451 11
17.157636194571708 10.945679730566537 16
12.837423133231828 35.33440262437561 7
26.272576156450437 33.48421381626955 6
33.60259270217986 12.666815336657821 13
14.66909024930878 31.84747500362389 17
23.540277028536476 2.5151520081588163 15
11.498800807968923 16.684501268876446 20
32.76771204601199 23.5046909599264 7
26.786065598109165 23.15729876822978 20
24.54848805513825 22.624320785343848 2
45.695890331466586 36.14152797273356 7
20.302593628772204 46.61764084768855 9
2.385412515875418 30.99167187459353 6
11.386624436535003 49.936605026082006 9
44.091237384794795 21.926725950495594 13
3.8859710508652223 12.278909578217522 15
15.4548256419976 43.33441648972594 2
4.679233548666106 20.477938511273646 7
37.35181089055232 16.346693797680288 7
48.30627795438769 34.31960194303734 5
39.20906479786927 27.071719684708395 16
36.52498113945056 46.76851777528112 16
10.702574559277123 37.63290192566664 9
14.2423563492314 41.62026546305327 15
28.06274324974044 13.164992832694633 6
5.664720252708117 6.5475866481377265 18
30.5386002644967 44.4414116545879 11
10.518190962176494 11.722638101970345 7
18.828655315315366 22.68473030122258 10
5.217804455368186 43.19451495442998 3
46.440227784809096 46.02071595651818 19
26.201266052573512 24.29197731121772 8
40.376961589907914 30.911394698080873 1
28.547698421653482 7.876097810706323 9
12.044670324309475 32.07323598658099 3
16.429449688679444 13.763658548052266 4
30.766235568682543 19.20305638718328 17
1.2447514422558648 34.563802444530886 1
26.991348688910943 38.52959742602466 16
9.916471527466108 12.209468410578566 15
28.261498757488418 34.35527792932956 15
17.58006588488647 33.34429583033863 11
22.882385231092535 39.00495039358693 12
33.79788468755497 4.241280542200776 14
16.023522982836468 35.70682998235583 10
40.528091183702045 22.060432542238345 5
45.63960875447638 27.461359539282338 8
20.6236918113463 20.3507389818051 1
34.97695746774482 47.84483825371052 10
15.711051458499337 45.87778918839706 14
20.466249601428437 8.178405571359937 16
16.691887260485423 31.5481245632084 6
9.951586829654623 11.150630599451345 14
33.83415661516928 12.961138525616095 15
33.98699837284337 32.62056762578949 16
37.28098425037889 32.60647111544097 7
34.598554053075645 7.388150131209581 6
23.88124391322391 5.777451569077746 1
43.078516672155786 21.707430548073965 16
35.89217681264806 36.54283976414137 9
21.731290962364763 0.05318710559846229 13
37.92015151499425 47.14528116062623 6
48.78958858924744 41.74374651292524 9
25.508599848659262 32.57037606994564 7
7.369568542923916 1.056587002102105 18
42.52026197388873 21.77351694151406 19
9.889830140868478 2.4401765713099097 19
1.5049827413437578 48.72876957491906 18
26.78070330919466 42.814037726332025 8
13.3029190557866 12.026466391686213 20
6.962461774556394 16.888055781390328 6
17.075196352305177 28.156382905236782 13
45.39159876253809 4.473445512964785 18
39.99100192906139 49.968141339784424 7
37.92411108165354 30.83866649491907 15
14.447778527560857 15.474808548053748 12
44.655402906393256 49.54463006593585 7
2.263272971404462 12.534948783806993 3
14.795250294368712 24.94586221735905 10
9.346794830448813 31.181199844806518 13
25.566454196873917 20.603482968661897 10
26.88690447511973 30.879347433627846 1
49.637548379741 6.492688173046318 9
5.018098506085189 19.29280882896619 20
4.226522726801207 11.769563521477872 11
21.052114048249095 27.64713665201445 8
7.680937268289884 43.60159073256982 9
46.990323925458085 46.97225865680754 6
48.107162985361654 11.016210805035392 13
42.00382656217892 23.27480693665498 3
17.39816435511768 2.4679428412803794 15
25.40427035060763 32.86783413068567 13
13.533932824700939 28.8370744142184 2
35.405217857062986 46.83163410500338 19
8.957144246601972 47.24890147604934 12
22.927851056574223 29.50463245857865 19
49.28792579088227 27.351919288025545 3
17.03809779141741 20.94536692182446 19
18.4761429580412 18.76185782648309 9
31.741695122074397 3.6057672376945185 3
39.90317827755715 43.594525123986365 1
34.156904671336044 6.4859984699647875 6
26.32532296017549 49.311619026803115 3
13.884795065800981 10.220781232035215 19
48.17060109295582 44.199395697100016 20
49.465492685068554 37.09551934502989 13
49.189671863004826 20.287455247191126 11
4.522811453080067 24.619189254238588 18
48.983947894783526 9.94459206060006 3
34.74667622680467 2.11789111894824 4
11.752216427336082 31.149372965375527 3
48.777742387741874 5.1493527998404565 13
34.19956719478539 34.719403862334566 1
16.73801005330707 14.06663921999613 7
30.85323824634389 35.52796001191365 9
34.3610713087819 3.80418192528737 10
11.969363402871757 47.55346467613496 15
11.81371753313964 37.32875989656852 5
3.875803909589753 45.50371548416956 9
33.886118365439316 12.933127129278505 8
46.91517695625243 38.885971137974224 15
14.56876359509301 32.88254711391895 18
35.80286581946064 26.112203967846163 15
34.62135145271834 41.65743636369096 3
47.96809152903572 5.510989826736062 13
38.730028059360635 34.90147197626069 1
23.21869873188102 16.407642999820276 2
30.88463276796879 24.382934419798612 7
26.94828488648454 5.704554225568248 11
9.767097124193613 5.821977287154567 9
30.667524622223564 17.719461035957924 8
1.3134636580744596 47.14157457450319 5
33.36694373001087 26.72252561911328 18
40.99303865656109 35.73815305333116 17
42.392933796210144 13.921573790931252 14
9.378300338951522 35.33005794230979 7
18.11662751796621 1.3967563054534282 19
22.195538535450225 29.6653155342604 7
3.192492454997631 37.73777362910769 5
42.930042274869145 43.3226848560426 5
3.7194586490410684 39.58006364081727 9
21.17452937016277 25.378180485564172 5
41.2959096094846 6.080690572283948 19
20.46431720456819 31.253397745189975 15
16.878605697861875 38.900833204741794 7
42.58823948982316 0.3960579076578541 18
21.754232858548477 25.165587424011647 13
12.522626334444048 34.09289392714232 12
10.204510025505758 5.152475556611741 2
29.552700752961936 5.6932840763091015 1
17.42121699348954 10.694236334732231 9
25.78948653789978 45.15405883538355 12
36.73451949847391 37.17770584443792 5
0.7299357248960803 18.262538670766503 1
27.589169941564386 36.09000312181551 18
13.619648029581965 36.38086272897698 10
45.236719452383625 13.317123544602893 16
30.066360627142597 41.43615323767226 4
4.464424688913771 26.170531691862063 17
3.036442547302609 15.78414626623863 4
9.745890487217995 47.18054419736325 19
25.777721732156746 38.37934101411589 15
6.268900564925789 49.721499938383374 17
32.94009158979728 36.87923862684686 18
38.659214933601035 12.856509404110438 5
48.733176862373575 17.2730019903129 4
18.438403515864536 26.080567666140546 2
17.06955454989922 48.344211865835156 7
42.741635717444666 28.46338958072344 16
4.660052081065663 15.384697549230546 8
16.600753193571848 47.43586862555721 10
3.7963502733357912 25.574574073689966 6
24.386572957290724 23.672139394591042 16
46.10163168316942 44.47953296608142 9
45.70017876975419 32.27490677861737 19
2.1614250592539905 26.942127650467995 8
4.781958941660614 21.294666876409767 10
49.500830573726965 36.09086813857652 3
45.138514733335306 5.004085890350041 18
7.586301070911572 41.15174340579431 4
37.08563823038342 12.126305942539478 9
11.454107780004563 8.14774827708986 1
32.39841955758842 15.839564392945116 5
46.37147042481201 10.697144088174799 12
6.494500166111022 29.64134262816253 9
12.864775018144964 11.144399486105582 14
12.046352689186119 28.540689746502608 16
22.5460601050042 6.90006846457511 3
1.5735910570575273 6.329932533356425 15
9.861395383049516 33.639546587968105 18
15.10185542988965 12.119009557516403 12
17.043786750970185 6.842592043653417 17
29.49570403376341 36.770227955001204 6
38.67599232786558 27.97644336214626 8
35.09658632517054 6.284131578457242 5
28.180548947233063 23.806007755419618 12
10.352597321376706 18.897436866573216 17
17.10718808662069 44.65917590508645 15
37.07525828196181 47.18183004027407 4
7.216721715032182 35.694999454919426 14
18.744994308483555 18.920774455451255 5
29.21644094606824 48.329140453900926 17
17.34962167084319 48.72272224802677 19
47.277014762241464 37.980074642898444 7
12.892897760700944 37.7563202469371 13
41.33303843029897 13.573413573888581 15
3.884708005975357 6.640794996443922 3
13.419741057209878 19.684224282598993 20
41.61051037118103 15.590946050389942 11
11.755784070960118 20.736982417373884 4
25.110576428736543 39.09056918488955 2
5.5716408232527606 14.246628699407788 11
15.81475748447817 10.043908549043861 20
5.208511733913906 40.16198103016176 4
0.49643154687648017 35.03176408653023 4
42.5825768231558 22.577136774702904 9
41.75831128089293 47.22220713866991 1
6.514248726516586 23.530153675507375 11
21.876318665999005 4.741540394118937 3
31.326277710198276 31.917770449741678 10
19.073203656378485 29.303726875728515 6
45.74244103710481 15.511063074060871 1
7.1647495013533735 26.213965685357255 6
29.689725850664367 46.01863162468708 18
41.80679603538646 12.575810363407957 18
28.358887598787362 3.027001629359521 17
4.488652448999863 40.69113571095508 16
43.71768661034389 14.741327478490978 20
2.047927520767645 24.776554286594887 20
9.762558624264555 39.712032362354826 14
36.33620675025505 16.371032799061165 6
4.394950927626395 34.06433634777888 2
14.24984159983444 35.03671130620265 14
35.5412525437377 8.377305519253724 19
4.348178363162624 43.47461472375084 4
1.5223661226946683 26.599576641000027 17
33.391772065774894 41.9750180988218 12
36.05621531205419 26.26764860260557 20
49.534511133177425 31.114330364220667 15
1.418842223871447 10.751210384647292 7
27.79940838013126 18.060615682083764 14
0.7832459874229036 12.239810602877698 13
23.38257365729345 23.106041793484433 10
25.441019256919294 10.269531194613895 8
23.75020554780734 27.394402799374827 16
7.2375065403046115 38.00488381573709 7
10.399280082070483 47.48622878062279 2
45.57447230679145 32.05934790809126 12
10.385203337362759 24.31539582370125 2
0.07001788227989914 44.46810940054745 11
42.598007233684804 41.735843256969325 1
17.74939085570245 20.394421609347308 6
5.936890904962583 2.4693782806506412 12
23.874390068843955 35.037285316982015 4
5.6176126556039705 4.807466145421274 3
28.165025871325046 5.664603715448985 9
18.70421671967342 2.2148821855070775 10
44.61787130800712 18.455072022832695 9
31.580030437781193 41.730421038754095 7
11.83745913797431 15.750877042718542 6
10.947576394157398 46.63713715267595 15
39.08756988259676 40.45768499990461 17
9.184271153405538 34.45720301840001 11
35.05343931966697 27.876904738088214 15
27.18718623522605 34.50492908044339 15
0.5150423773911617 21.527002948175472 9
27.4641528350175 37.898752410338446 10
41.79222860643776 7.542884779236475 4
5.342552985147292 3.1559971962432263 19
48.64800818274663 39.08814816765504 18
42.40902800377551 43.14982923421072 16
6.959034238004497 35.610682937545114 20
43.63613789665051 10.963106733890204 16
24.511071836007225 2.671303887683163 6
18.085517857161815 36.15652535517384 1
25.029439199789522 4.1431215915671 5
22.769292347912767 37.72747126074841 8
45.319159818789004 17.497949229098758 20
18.6842211232572 9.606978865961956 2
15.709869429167533 11.431746352393047 9
2.87662427172683 16.601432745064038 8
10.477878268012475 30.038671131385975 1
18.376408646184345 33.17693223001833 5
38.77505021190558 12.469285664199441 16
36.01548226164255 15.088317629268483 11
34.755548945339484 15.083129247596395 13
38.66657789143804 1.7293265548275483 7
43.14299493418135 6.323479663744857 5
49.64665097942819 24.60365928448183 16
7.957228420776691 8.151400967502582 15
37.65998241513447 4.982402077896819 7
44.04815785158229 12.015335035561991 20
24.368242784484824 39.17824870697269 9
46.358591332413475 41.68285537500708 7
24.90272915383401 20.344856155891538 15
0.9398082352464643 49.690938462714726 20
32.622121235867 17.022583173096635 12
15.094741572302361 46.803901078807776 11
1.5625892510858053 39.32682864375715 10
45.82298058530165 20.93338285911857 10
2.6248161630771483 37.74189787044976 13
42.46530381416259 38.71195541988603 14
31.82365359469615 37.964468988473556 3
32.82426628371082 47.7219999549249 14
48.564629927629625 6.570108081934767 14
34.3871851825238 48.827281658068365 14
11.048570864880208 23.136067013467237 6
30.970318099044285 31.77007436743782 14
36.1486012604491 0.6173156550602743 6
34.286045669112426 34.17162901013123 4
11.44088001707993 39.81888921265965 6
3.215589035622207 47.69561565858657 10
29.6135228304284 25.09782709831423 20
49.46040185392138 44.12343319834474 8
31.957811645145135 31.97986697263282 1
0.012490264761877423 23.016733739936996 19
7.905832345310948 6.432390960383288 19
45.888636402984375 25.110907264002414 12
14.750272250009184 38.93169530383289 6
30.297706302721604 19.81034396226112 17
35.83225831037199 43.00729970133394 13
48.79898333394456 12.434248048115881 6
33.227817641598875 10.661784230945154 9
44.00031145899785 12.812954778769232 14
44.25421155458223 47.72731842785756 3
34.14751365420401 14.33339374431889 4
13.096622789760504 9.999965456892479 19
43.29108200934035 23.832839407381417 12
12.347415727395894 41.2513585718883 1
18.6969317954306 4.455644678523912 13
27.33151278727642 21.647127091615857 11
3.4673732394843837 37.72254577103828 19
17.578070981007983 1.4171291470500336 9
6.9947152816690785 46.412613941181 11
48.735050696536334 38.426843068451014 9
21.284375076135476 38.326681429803365 6
49.17434275684625 40.05558971544753 19
24.464871156747787 49.99440396928663 13
10.343550496481836 10.433875295824235 9
37.15313237859934 32.691191445413885 14
32.58527495655703 39.0746500681208 7
14.076020402525236 37.094109487648204 16
3.291055509710378 47.479251200795815 20
0.25817111494461087 3.866692318181675 1
9.798554177527802 38.945369323435266 8
16.116645471105006 25.799903516886495 19
23.098895315498385 18.263976572735558 16
28.057985663679176 27.522969258701195 4
28.32730796398341 23.628861253625782 19
40.38888556028265 5.810748012825634 20
41.65854809933509 4.165802866631724 17
46.282757547697706 23.495350417750345 5
17.655707004422844 34.45433814870637 7
27.90094635479145 49.0320272569671 5
48.43336697606131 38.847917397785125 15
33.853453307791945 17.41994721049186 17
42.59875398860071 1.863783946473896 16
2.99748159064655 1.941265225695027 13
29.73802457882885 2.429637420192204 18
11.524540819706381 7.171870625749666 2
15.084590365429273 22.29772642480202 20
31.485178339458546 35.10836154810297 16
35.81177317043341 24.90906498744849 2
5.870193652661521 18.92877537952779 16
35.25441497787412 27.43637432290035 2
31.561163052955894 44.352578581241055 16
7.181408619624402 17.949272350252066 1
41.60576420869641 15.48363858593141 12
27.855985145617453 20.868742072756685 10
43.05729643571652 28.687124553491472 7
26.92142098447586 24.898392259792207 9
0.6682432909286551 38.0852044006448 10
34.166492207105655 2.548470065135877 16
29.473292432558278 49.649875617776196 3
24.007691052365722 43.69622135405099 2
10.730652775333471 12.442733858087946 10
0.7975441750938117 20.192124030691605 20
16.362227705170145 17.61216862198014 20
45.51220498828326 1.855254162176334 6
35.84039183090163 8.771999524737733 15
42.9492670382782 32.09062111728372 7
41.01510184164343 44.85149683890181 3
39.020128801345855 38.089694308811204 8
43.07894239666689 5.12280191753165 20
35.23056910382134 1.895214749186247 19
39.95240269901558 32.52072617294301 9
14.992731741705956 49.84563808000499 1
12.645484696107895 42.43573855931375 18
46.87065270604957 32.80162604011078 8
23.91482017253656 35.90156979358698 8
34.59077501048806 37.23851458337605 3
38.4289009865152 4.860660976101366 18
45.60245694033792 0.1628375009885663 13
42.64868938468043 24.818437887990658 8
14.283763773914698 28.945333243273975 4
24.72371320875084 7.7235308788382975 1
0.4489187410943174 1.250940681141921 5
9.347098365896933 25.667162991978685 11
22.257766158164955 37.87359910354298 7
7.237512676384422 29.934020172565468 4
43.2025191832269 27.3500531130192 7
45.163904525736456 30.095764742709335 4
7.438557709083865 14.150770493131265 10
45.2370789658226 42.74503683902818 14
0.7616828858000246 47.90546295332724 18
12.677715646001719 37.31515737774788 18
6.765051965490477 41.72153249249536 5
9.298496978049132 8.07575429777967 11
43.62407486447714 36.46461743871735 20
30.42160568493813 28.298539091720958 1
31.544852214686202 37.167558082829814 3
15.97992863591869 22.225683402482193 19
10.551971066593108 8.269717389585935 12
43.76213739590272 24.031622485307626 9
39.49237110224199 25.99546117545733 10
29.68744093287289 23.812311875507074 2
38.58784282206936 9.089530069282159 10
23.21742947339171 14.938160020116998 4
44.856779558099056 16.930121539281494 5
18.153788130872183 47.78458614697166 5
36.74627046005188 38.80519069442196 14
35.498277973630316 8.29933972353234 5
22.682242168318517 33.00742173564742 8
4.386364346944093 5.445916770755504 8
22.016007086758055 19.960411616542313 6
31.143783593150616 39.85919221048637 14
41.02058450400867 5.245252193568489 18
27.85832196210491 1.5451012443350898 14
7.633226585107112 18.095546186946276 16
11.010396715688048 18.785281320080983 12
17.536661932138927 37.82938709614071 6
7.444892903015004 49.46959704541962 18
19.107517079106835 36.54305747265542 13
8.366485757865776 2.2771827894261576 17
44.11425341935217 6.497655449187895 6
15.359919725452098 26.229658133504806 10
39.81726699886406 22.005421890139022 13
43.075319283120216 6.149038543739876 16
9.236957974348808 4.519561112901982 7
31.69159266028308 19.067498419995104 17
16.312470267506573 48.69270186961002 9
13.947712774855736 30.69709397132323 9
27.4899468264765 44.13999323907657 10
42.773046194896146 43.20581706694162 16
25.498102238075255 3.355098891604591 7
4.6573369717473 6.0860900585495035 8
18.39465084091986 5.009362939031453 9
18.86558710502209 36.08213113733878 12
32.46910547775662 13.975065620144589 5
2.767917210517401 19.835800029211025 15
34.69405763483982 14.871779826289533 12
33.36039041915818 17.30203439168484 19
7.013999839112439 18.919241415712477 10
11.033537721932296 1.7724467812965106 19
7.65321571043992 18.499732204600505 20
25.639216994367036 16.691856488443378 15
7.772975988277652 15.104789734709751 5
25.45784666711054 23.710603513859045 3
13.034619051591035 44.845798375452404 1
20.736590537354527 46.147227156466016 2
25.812536949015584 42.7880749856268 4
32.16427402440916 0.23519077375868114 7
6.102690884058093 6.7340423412916355 10
28.830071802292245 10.194147798320879 12
7.517022846820548 30.414977089042715 20
36.46921806372961 1.4449447323535092 18
48.77544708144414 32.21196719939566 13
2.10958263320451 48.32193240646483 12
28.83107422888415 14.80047721204183 6
4.8668653266433495 48.02624008206785 5
20.35077948958486 41.98107900910059 6
42.04041966888404 20.499899303649304 8
17.108580850965936 4.700325252015597 17
49.860936001800646 31.384879251822557 15
41.121928945023654 19.68221321859427 20
0.9664845163836533 11.74149196424058 11
45.058208811938925 45.05434558824699 2
37.30238219558197 5.898174239703708 2
41.271352742816354 47.61470660587436 18
22.990959480574613 21.773911791326032 11
7.673817204406125 1.6035828376576244 7
36.662987652068026 10.160788035412393 17
30.549472178061727 42.42451577945136 14
32.90574380558372 47.53552425383426 20
18.141997239514502 12.019209333628666 18
21.852125341830153 16.670556495391807 11
3.849328195088181 15.99072707629962 16
29.896682312916422 41.67702452649261 16
34.782883886099704 3.9050102121176655 15
19.355701527907804 15.586118880716882 10
5.712170862910715 0.8462259163781571 19
28.213232284530626 4.351775287972287 5
9.06889722255999 22.18176777839249 16
2.214788908115306 47.512038427264564 4
28.96782854545708 37.11862245521477 10
47.1952256602169 17.928971326764987 10
29.18127602550849 24.191118737434252 6
37.8041355849848 8.806101788658454 13
7.926632688760909 11.215372707722704 5
28.863617233172373 49.50293192808064 9
38.429951491214716 20.058005178835103 7
3.061581896837884 18.532970674253818 13
43.63865970535478 18.86686454165347 8
9.748792910737775 41.19318074390478 17
21.79565575699479 40.87702889070714 1
42.37410184225314 20.64490118826299 3
19.904541961406707 30.138333808595807 5
38.8007152211483 30.635185867844555 5
0.06540383137615957 33.099281140395085 7
20.293178360006053 22.810145465749198 11
28.483486626820586 0.9302968756149332 4
7.820800299549929 32.074688979885266 18
28.44158148232838 11.341839671334375 11
32.03290761123213 39.93043512787797 19
12.824473015550314 25.004973875076402 17
48.85081472268195 3.6749085164294315 3
46.84317655935452 14.698788519026445 16
27.87827574940861 38.05059107516467 7
12.65376494810216 28.32479233306297 10
10.339508510147283 46.422475930960786 18
44.75722028342331 27.752959976835996 2
5.553079608360506 49.26785203848384 12
47.72853788836019 21.463487431161315 19
32.41650902795961 47.707877602603034 14
35.73345792134464 17.66319685466954 5
21.985554438314985 30.031192898154607 18
5.530932795075355 26.766889206357497 19
49.38522741262453 38.41660001803475 19
24.892959418753215 13.573860642357694 2
35.9554583151526 47.59118838015444 7
27.110860639909788 41.52111839916356 3
13.967426272451727 27.73345021861175 1
32.89191026351991 42.49044058100975 16
6.376862647689263 16.11558825526752 8
46.61710094195193 26.23359832834543 2
10.856693101018783 43.11350313209743 7
42.8215813229304 10.879113652228611 11
38.95747792130339 47.54705178897973 13
41.03359199469651 6.217460444146167 4
22.817143209586998 41.3207734020622 14
4.555335382630277 42.57032691179209 17
39.34929998642186 49.70252853705539 17
16.314352334906555 19.067134492862113 5
30.881502875116784 37.07949786968365 5
3.9471634442726056 37.249327129582745 20
32.083059398990216 8.574344261417298 7
21.88933899534135 0.24897459744676054 4
14.562854600872072 34.850679573130265 20
41.96530115841639 10.85018111286537 18
6.207796158562412 15.045843299421197 4
31.30399905584521 33.80173510181596 20
40.738459624721024 31.49093911123214 19
27.35849279861719 49.85827384786815 13
8.749677219760855 31.50775290833448 12
7.090325140088999 18.659088185773154 7
32.96983480229878 32.09558729429334 17
36.11288090535041 27.74811920998012 20
12.205427816470216 44.86687603249838 18
28.846961069650472 7.472107008200707 19
20.705290112017767 46.875731475741446 2
45.86881125322386 48.19713457690695 1
34.591352812104276 36.02096078539034 4
36.853140369418675 39.07007642314533 10
37.03619519995903 24.94130440167039 16
12.59005145219012 5.3760969601131965 16
25.16759465526473 38.35093160867093 14
43.24795846115595 8.222555511154106 13
0.8978448701254194 32.750157907860014 18
