48.3001 33.5154 12
46.8764 35.8333 20
11.6535 7.00095 10
21.128 40.2661 12
28.1198 12.0106 16
42.2681 17.687 12
48.3551 33.6665 11
34.6919 21.4896 20
34.4935 8.42006 3
3.61339 21.9108 8
42.7808 14.2506 4
32.2962 36.0439 16
33.7474 4.78683 2
2.86111 19.8508 17
31.3425 10.6006 5
24.7826 7.53502 8
23.6549 17.3421 13
32.9249 0.0167852 7
46.3546 34.7346 7
6.60573 35.6838 18
22.1442 24.1142 17
43.6476 28.9758 19
1.47557 36.2667 20
30.1202 42.2117 6
17.832 7.07877 1
8.70998 19.3487 15
41.3221 47.3525 2
47.5402 13.7074 19
43.3073 26.0598 16
28.1899 40.8963 19
28.6538 14.8244 9
37.7682 39.9091 19
7.10929 16.5441 2
46.4522 35.6014 7
17.629 24.2485 14
10.2664 20.8167 1
45.3352 28.6294 2
40.0555 22.6875 18
36.4986 45.5351 2
3.17698 41.1054 18
28.8003 49.2401 12
5.36668 4.52742 14
28.225 4.83718 6
17.8579 35.255 1
36.7321 24.8634 3
0.579852 9.35392 11
22.4586 12.4042 16
7.03146 41.8439 18
32.8669 26.9509 16
21.7994 31.7408 1
37.2845 1.0712 3
8.74813 20.4306 20
4.96231 27.1691 12
17.9067 6.75527 12
34.1929 5.08896 6
43.3226 29.487 5
3.60271 24.7246 14
23.8762 28.7667 6
24.7185 33.9686 19
15.4469 38.7829 15
41.2641 42.906 1
17.2414 0.785852 1
2.17139 21.0364 6
38.6868 24.7017 10
37.5698 37.0663 17
27.3949 25.3487 10
46.9069 1.37944 20
24.4957 21.8925 1
21.6849 31.2174 20
2.39113 22.805 13
28.5546 48.8845 6
2.99844 29.7052 9
27.7627 25.4097 16
12.9826 38.0093 17
3.68816 27.0211 4
17.6809 46.8596 2
44.4044 41.1252 6
48.529 21.3172 18
32.3054 33.1156 7
11.2003 32.757 15
4.05438 46.823 1
34.4935 44.8439 6
11.6153 40.7407 1
44.499 18.9108 5
23.2795 30.8618 7
26.2169 39.903 12
0.552385 19.953 19
16.3915 18.8955 18
29.8654 13.9698 7
8.64437 16.5822 15
33.433 40.0433 5
25.8583 10.2756 8
37.6553 18.453 4
6.68661 1.39012 15
46.2203 34.5027 12
44.1618 36.9427 8
5.09659 36.3262 1
35.9325 3.89416 7
13.8249 32.8669 16
39.05 5.29649 12
38.4106 13.5609 2
48.3596 48.3032 7
21.8772 39.1614 16
18.1753 22.7287 14
25.3136 42.6328 3
2.76955 30.9397 1
21.4087 11.6016 3
33.9518 1.79907 16
10.271 30.5597 19
14.6123 39.5169 17
39.874 23.2582 9
17.0141 28.6019 20
47.1679 34.611 10
14.8854 45.175 2
46.9756 8.36512 2
30.4926 18.7078 8
40.3638 32.8837 6
22.8141 3.20597 6
48.6923 23.9586 8
12.2578 9.15708 9
10.0787 21.9245 18
11.977 23.4107 13
7.98059 31.5317 3
47.3617 9.91394 6
43.0143 8.60012 17
24.5903 46.0189 17
15.5721 28.4051 20
37.8216 13.2389 18
14.1713 38.3862 18
13.6067 34.1136 5
9.29289 33.491 8
11.9709 34.3974 6
40.8094 27.2607 12
17.3482 18.5034 3
15.3783 7.12455 15
40.5408 32.1741 8
4.44655 39.4223 17
46.3454 5.96026 3
10.1779 9.6881 7
1.66478 32.5831 4
1.89673 27.9717 13
37.054 36.7901 17
25.7179 28.6706 18
12.0075 4.26801 13
11.214 30.784 9
2.1775 2.6429 2
47.5463 28.8873 1
16.1809 8.96939 2
33.5444 38.7402 5
32.2474 10.5243 2
28.2998 5.52232 11
1.65868 25.5516 10
46.7727 28.5058 5
28.1518 3.92621 16
15.4378 44.6974 14
31.3623 20.9876 16
31.9391 27.0547 8
19.3274 27.0394 16
16.5624 21.2378 9
11.1103 16.7623 20
8.33613 0.11597 20
47.2701 42.9502 9
0.778222 38.3465 5
34.1182 24.1234 11
38.2458 31.7286 11
19.0649 41.7936 18
9.53398 38.847 20
19.7409 46.6018 9
37.2234 37.1029 6
10.6388 49.7803 14
25.3594 42.7046 19
38.6334 23.281 16
0.909452 25.9743 18
24.3828 25.0404 13
21.955 40.5011 11
41.5311 11.2079 18
34.2723 8.61843 4
30.8771 1.22074 17
44.0794 47.5555 19
33.8298 30.4056 15
44.2183 11.7481 12
49.3774 14.7725 9
40.6384 48.3749 16
13.1474 19.9194 4
31.5348 46.4461 15
46.7528 26.867 9
49.4476 36.1232 1
12.0777 28.3441 4
43.0891 45.3383 5
9.58586 25.8858 15
7.09098 26.8075 1
13.2832 37.2494 18
20.1971 11.2033 8
19.0847 21.4042 17
32.3145 2.8428 14
29.1604 40.965 2
4.14441 44.1877 13
33.5261 15.6194 15
6.38295 15.7125 19
13.2344 31.138 7
34.7606 39.8144 18
7.89666 13.1657 14
48.8708 2.38655 16
45.4772 9.52483 8
3.00302 24.9947 10
5.44755 5.2324 9
12.2639 45.2147 4
8.74508 27.4392 7
43.4767 24.2073 17
30.8069 38.9447 19
43.8887 29.9356 4
48.5107 25.2907 3
27.839 23.0415 20
39.375 7.93176 6
38.5235 31.5531 10
33.0897 20.6702 9
45.0194 21.2897 3
2.68105 25.0328 19
30.2087 32.7006 13
6.53554 18.3996 4
29.1864 42.7824 12
34.3699 13.0543 2
46.617 4.23139 4
1.4069 40.994 15
21.4194 44.145 12
6.53401 24.543 4
24.4896 2.69936 12
3.5783 2.97555 16
25.9941 39.6741 15
11.0584 26.4962 6
9.52635 14.4169 7
36.2926 27.4697 12
47.2442 34.5042 9
45.674 10.9516 4
39.198 0.7828 17
5.63219 28.5104 18
17.9266 33.2728 15
29.4046 17.3925 9
31.8873 24.5827 8
24.6239 7.53655 15
5.02487 16.4541 3
27.0989 27.9077 9
30.8451 11.9022 3
8.11487 37.4599 5
3.92773 1.5595 19
37.73 21.044 13
26.3405 29.4107 2
5.65966 32.7708 11
6.93686 31.3929 11
26.1498 45.2879 18
4.48622 31.6324 18
14.5772 29.1284 1
7.01621 6.53249 9
2.99234 48.1033 2
46.1638 7.94092 11
40.3638 20.8563 13
22.7332 4.2497 1
32.4076 21.4957 6
24.4636 33.9503 6
46.6689 29.7769 5
5.34227 1.03763 10
22.3075 49.9969 15
24.1295 6.97043 16
11.9968 3.84381 2
13.918 40.9406 12
26.8395 22.0298 14
31.3868 20.2567 19
35.3481 18.9932 4
19.4983 16.8615 18
15.7231 40.6095 6
17.6275 5.69475 12
7.95618 32.6441 15
24.1783 7.07419 18
40.202 44.2732 18
15.389 49.6475 12
43.3424 12.3096 7
6.06555 34.0602 6
0.236518 24.2149 7
10.033 11.6138 12
32.8501 37.7514 11
26.0689 37.9284 18
42.6832 48.5549 7
45.613 0.436415 7
18.8559 0.0701926 19
7.42515 31.55 8
45.0789 29.6518 14
18.3157 37.6827 6
2.84433 46.2569 2
23.9341 29.6426 8
14.8045 45.4543 4
5.95111 12.9383 6
30.5368 42.5443 5
7.80511 18.9413 4
8.22779 0.753807 19
6.91397 10.6937 19
21.247 5.07675 1
13.0909 11.6932 13
49.5743 39.3582 19
37.0449 13.477 17
33.6833 21.2943 12
45.5977 49.6261 3
4.18714 43.0372 7
7.85394 10.95 19
35.3389 10.4587 19
45.2635 0.596637 6
35.873 28.2601 2
34.518 19.6692 17
17.7053 46.8047 15
31.8979 15.1097 2
3.00913 26.6121 3
47.1084 43.144 15
24.4606 43.7056 16
0.250252 34.8735 12
23.1162 9.82086 1
3.47301 26.9448 8
34.8399 22.3258 14
25.3227 20.6046 9
10.5686 45.3856 14
27.221 38.5083 8
19.3564 13.1779 15
13.8722 41.2564 3
17.1438 43.6689 5
19.2373 26.3237 12
10.1016 14.0172 19
13.0573 41.8577 7
30.0836 32.4717 17
16.1718 38.2244 12
2.74819 2.54067 15
12.1326 32.1558 6
7.37022 19.953 16
44.3464 3.43181 20
32.5098 27.2958 16
48.1643 13.242 6
4.89059 31.8857 17
42.494 8.06299 2
41.1847 25.2495 19
1.66173 34.3638 7
25.1869 34.1563 2
1.79449 18.7826 3
27.5307 39.462 18
43.1303 47.0901 13
42.4711 26.4641 5
46.6369 34.286 15
48.1094 35.2886 16
16.3869 49.0265 17
33.6039 18.1402 4
4.52284 19.2969 11
10.8036 38.5601 17
19.6814 34.2799 17
19.715 22.0466 2
38.5922 0.787378 17
28.2174 44.1694 7
20.4703 42.8404 8
48.1536 27.4575 5
41.1618 31.0739 9
23.0964 18.5049 1
14.835 26.0735 13
19.4571 37.907 5
11.7542 47.5051 15
3.02438 44.174 14
17.4795 20.5252 17
39.0378 34.8994 19
18.0227 33.4193 15
46.5133 30.4437 13
43.2005 47.1999 20
48.2452 3.43486 2
13.0375 10.0558 9
17.716 37.843 19
15.8254 28.5287 17
14.5253 30.3079 1
7.34275 14.1163 17
1.95471 40.3699 16
15.5293 40.1914 17
35.3542 11.063 17
19.2495 40.6446 17
29.2199 23.719 5
0.440992 39.9915 13
35.6044 26.6243 8
1.77618 5.94653 5
27.8451 42.9975 9
13.5365 40.9711 2
13.0787 25.4448 3
19.6997 10.2023 19
25.5547 38.3374 12
10.7028 20.9525 13
11.8717 22.1976 4
25.132 4.47249 9
40.0662 31.872 13
20.9403 35.6883 12
28.2403 48.8861 12
5.07218 41.7982 6
26.4077 4.47249 8
24.6223 27.8161 16
28.692 19.3396 11
49.3728 17.0507 7
23.1895 25.7424 10
10.7715 48.8021 15
34.9651 43.0265 4
12.5431 25.2678 3
14.9709 35.6304 6
49.2676 36.0576 16
5.58641 49.1241 15
17.8518 43.1074 5
2.9313 1.17496 8
38.9294 12.421 17
18.7109 6.76748 20
27.1432 13.1367 5
1.03458 46.7788 8
17.4398 0.189215 12
35.8943 2.44606 6
24.8115 35.6655 13
49.8627 31.4249 18
43.9848 16.8874 18
1.53813 10.4511 20
39.3811 47.7493 19
15.3142 21.3553 20
40.6186 44.9675 12
7.65252 17.3315 3
1.11545 44.1191 19
14.3651 31.5455 16
3.23496 42.613 15
28.6355 36.2941 9
9.10367 19.6722 4
35.0429 34.5042 3
18.1234 37.8536 10
5.76342 22.4799 5
6.25172 38.2488 4
42.8526 9.76287 17
45.0102 23.1635 13
36.0866 25.0587 15
35.6243 7.34733 16
40.8002 32.5617 13
2.5544 42.7305 20
45.381 37.0769 5
26.5694 13.506 11
25.222 25.0923 8
17.2246 39.5978 17
49.9008 28.9911 5
34.0739 47.9904 14
4.60524 18.8086 13
21.4713 4.85092 11
36.5612 26.8471 17
29.7678 27.5277 5
23.574 1.19633 20
12.1845 46.0509 3
16.2832 20.9998 18
18.0319 39.729 12
9.25169 45.4558 16
5.31632 17.069 20
30.1645 16.361 18
25.6447 17.9128 16
32.165 46.5209 2
47.6455 26.5725 17
13.1611 10.0787 20
38.3892 25.013 11
48.8891 11.887 4
21.601 17.2765 2
44.9995 7.58843 19
33.0851 1.24821 13
18.6209 30.6406 12
4.10321 33.2102 4
42.9548 12.9963 13
28.4616 5.25834 5
10.8615 19.1534 20
15.3294 17.1346 13
26.2276 4.69985 5
3.30668 3.3784 16
46.4034 16.8889 18
18.3691 5.34837 12
6.59505 32.2169 1
5.36058 36.7458 5
38.7967 30.7169 8
5.68865 12.0228 8
35.0047 45.1247 2
49.3484 20.9281 9
28.5089 1.22532 19
33.3613 20.2918 19
8.81375 40.0845 16
27.6147 7.76391 20
26.9326 39.436 8
38.9676 22.2556 4
19.3808 36.8542 7
31.811 14.0812 7
12.4454 7.34886 3
4.1551 25.103 20
44.6486 19.2541 18
9.02585 47.0199 4
45.7183 40.8124 2
47.7386 15.537 10
16.4541 1.99896 4
0.854518 30.6009 7
46.4324 38.0657 16
10.3061 49.6841 6
17.2246 9.36613 4
38.7951 13.2756 6
48.6328 12.4851 15
16.2893 10.68 4
35.7631 26.5938 14
44.4411 11.0996 8
26.8593 32.9035 11
24.3858 1.12003 4
36.784 9.98413 15
7.88751 16.2542 13
10.2832 49.971 13
2.3072 12.5614 8
23.9357 16.6417 16
42.8175 25.5715 10
27.0089 31.988 14
36.7962 39.2605 12
0.943022 39.7641 14
41.6517 18.7841 19
45.7396 8.652 8
14.8 28.3364 14
10.5945 10.4373 4
29.2703 41.1557 17
7.004 46.1501 18
36.8206 33.5536 19
6.23646 1.89062 2
38.6792 20.1987 18
11.1118 2.02643 11
48.2818 14.8946 17
35.4961 47.1068 17
7.10623 21.1646 5
5.0325 33.2987 1
49.9359 1.13529 17
40.8719 5.75884 19
15.9307 20.9845 18
35.3984 6.19526 10
23.1956 7.57775 3
6.93075 41.4151 1
22.9057 5.36058 6
9.79492 31.0343 3
31.3532 26.165 4
8.76186 44.9004 3
10.1001 18.6834 15
33.5597 20.6015 3
32.6029 30.1355 3
41.3831 14.8259 7
46.0051 21.4743 8
14.2262 45.5214 7
15.8361 10.4114 12
34.8018 31.1579 4
35.229 35.0322 6
0.863674 35.0307 20
45.1094 35.934 13
34.4096 32.8028 16
4.24055 27.9778 14
0.44557 46.6002 16
23.751 5.08438 14
1.38096 35.1283 20
46.5758 24.3721 5
38.4701 2.84585 5
14.037 30.4285 19
12.804 48.3642 16
25.9499 38.113 16
5.98315 19.1565 3
23.3665 23.9296 15
16.1733 32.8272 19
10.7349 13.2862 10
10.2573 20.4855 9
42.8709 24.8604 15
17.9937 1.88604 16
38.2031 25.161 7
21.2241 20.7404 13
49.4156 37.5546 4
11.1408 8.63063 1
32.0032 21.5094 19
30.9244 13.2008 3
6.91397 21.2256 2
20.6793 27.163 7
21.2973 8.96481 10
18.128 45.4268 4
27.8939 49.0188 14
22.8233 14.4505 3
34.9925 14.066 17
35.3114 27.0516 19
31.2464 28.4845 9
16.7379 13.7028 4
19.5044 23.7083 13
10.1917 43.9436 13
7.12149 0.672933 13
3.85144 35.1619 1
3.502 34.6751 7
28.9956 27.1416 1
24.8802 10.0238 12
4.37635 25.2922 12
8.05689 16.9332 19
43.6567 0.0244148 1
45.0438 12.244 7
15.7277 10.2817 7
25.6371 20.394 14
20.1224 2.12256 11
21.1997 12.3661 1
42.523 24.7932 10
16.393 29.8151 14
19.9683 13.0436 3
2.77871 0.163274 4
2.84433 11.9083 10
45.1674 47.5265 12
32.4931 24.9275 18
24.6452 25.1274 15
40.4782 5.20188 13
7.64946 8.68709 16
49.4934 36.8694 10
44.4411 28.164 14
47.763 28.8888 2
19.1534 8.75271 11
49.9008 19.7607 15
13.6311 22.2343 2
28.8125 26.9539 18
14.4032 47.8179 18
36.4727 24.9809 1
43.173 39.1049 8
7.72423 7.25425 20
31.8125 21.5537 5
41.7142 35.3526 15
49.7391 34.3852 4
11.5162 11.4719 13
30.6604 13.422 15
45.2376 31.8476 17
43.4675 18.0685 17
32.4427 46.9039 7
14.6275 17.832 1
19.718 24.4346 9
43.1349 2.74972 12
49.4018 40.9833 3
10.1016 48.9502 12
47.6699 20.5329 15
29.7159 36.6909 12
13.1108 4.52284 5
22.7256 14.832 7
26.194 29.4961 5
24.2576 13.9485 20
24.7383 14.5589 16
20.5786 11.5955 12
1.91198 26.5725 17
1.00864 28.7439 16
12.682 2.77718 13
17.4871 17.2765 13
3.25938 24.7703 18
21.7429 16.245 20
37.17 10.4343 12
4.84329 40.0876 6
12.331 28.0816 20
2.20038 46.9787 15
27.3934 45.7305 13
5.41704 0.766015 14
43.4568 14.4749 15
46.6124 17.0202 19
30.8435 4.54878 8
47.5585 3.69121 12
20.7221 22.129 13
11.2049 1.20548 9
29.5373 40.5286 12
33.2621 26.4382 19
21.5796 37.3104 3
32.6853 11.4795 19
2.82601 45.3658 20
48.5183 32.5037 8
28.7759 7.35343 10
32.5541 27.6376 5
41.4838 25.3319 18
39.3719 36.8465 15
7.76543 27.1905 3
33.2789 42.6069 4
42.7396 34.9086 16
2.15766 28.9575 7
1.78991 22.8263 16
47.1999 39.4665 8
40.9589 3.48827 5
11.3254 33.1278 14
11.8351 30.2499 16
24.1249 42.3887 11
3.66375 16.0848 14
33.2957 10.6128 9
3.6256 43.1745 10
18.572 8.70388 3
47.5631 33.9747 4
49.7955 33.3888 8
8.8702 28.0755 5
12.5538 4.26038 13
4.28785 16.2297 20
39.1064 34.1655 17
12.9215 29.9432 6
4.88601 29.2703 7
40.5438 28.0602 13
38.6563 12.36 9
46.057 17.2018 9
2.92367 36.8313 20
12.3066 46.9115 16
37.3867 0.726341 3
20.5527 39.2178 16
27.6879 11.3224 9
7.82647 2.24921 14
21.3645 22.2953 20
30.7611 44.8531 19
18.2989 48.8372 14
9.064 9.98566 14
21.0318 42.3521 4
8.34223 35.4839 17
46.6689 6.85141 6
26.2825 37.4569 9
33.5704 45.114 7
49.881 0.93234 15
28.3822 15.3478 20
35.4625 9.90936 7
18.7857 39.8022 2
9.02738 11.7512 14
40.7117 16.5075 18
23.249 44.438 2
41.9828 25.8003 15
20.4138 16.2755 8
33.6909 25.2403 10
19.0954 22.2816 17
12.2288 21.5766 15
47.4593 15.92 8
45.201 27.6879 3
19.3091 35.464 6
39.4894 37.0647 15
21.3095 17.1239 10
5.98926 9.89868 6
32.6655 18.656 20
9.02127 44.1862 17
13.0741 33.3964 17
45.5779 33.8786 13
2.3133 2.25837 4
46.5224 25.2205 8
6.54469 35.8867 4
34.9712 3.1785 4
33.6177 47.5951 17
22.4006 3.66985 5
13.599 25.9545 14
27.1401 35.2367 10
32.6533 0.175481 9
18.6773 37.3516 8
49.4629 28.1167 18
31.1808 32.6228 13
35.0398 21.9749 11
6.90939 28.3746 10
10.0162 26.8654 1
31.1045 20.4245 5
29.7815 38.6288 2
10.5808 29.7006 4
18.3569 45.7625 1
35.2016 41.9126 19
7.82037 12.537 12
0.407422 2.97708 17
32.7692 42.2559 18
16.9012 29.6991 9
39.9899 27.7642 15
46.0036 7.32139 20
33.3155 16.6585 4
33.079 44.5845 20
14.0355 47.6974 14
22.2999 23.7556 1
29.2291 8.72524 17
30.7382 49.2462 1
35.4289 31.4005 16
44.2289 44.9736 9
4.29395 30.2637 11
28.0068 8.9938 13
21.6071 19.5959 9
28.0282 35.1176 10
42.4009 7.2161 12
30.398 36.7641 12
44.3861 26.2062 6
2.67342 39.2758 8
0.460829 29.6594 4
18.2501 24.5231 3
0.189215 46.408 2
19.8248 47.3647 13
20.8869 33.1355 3
16.3015 28.3059 9
12.8025 17.1224 13
35.7555 42.0988 7
0.784326 9.78576 16
31.3318 49.0387 6
48.3322 40.8902 4
13.6921 35.7265 8
10.0986 22.7058 6
18.804 26.3573 5
47.0565 9.05026 17
20.0018 25.222 1
25.8583 21.9413 9
14.4536 37.6049 12
1.86468 35.1939 12
12.6545 20.6259 20
24.7169 35.6044 7
41.7524 19.1794 6
37.9711 34.7804 11
45.4283 26.2215 15
0.997955 34.5134 8
31.1853 2.44911 9
23.5603 11.9144 11
36.2453 29.2108 20
2.39875 43.8108 11
12.2913 31.3944 20
16.1061 39.1644 11
23.1437 25.6264 11
0.572222 49.9832 14
14.3864 4.17035 15
24.0135 41.3984 9
6.24561 38.1161 17
38.7478 26.7373 16
36.9182 5.81072 4
38.2687 19.5547 17
49.2309 5.3148 3
23.5923 28.1594 5
25.3914 24.1935 8
13.8096 25.2953 13
38.6898 47.4975 15
3.50963 22.5913 6
13.7883 16.5258 3
5.29038 22.4769 11
24.8527 38.1634 13
0.538652 15.6758 10
19.4372 18.4881 17
36.9137 46.3683 18
42.0896 36.2987 9
38.0535 35.992 4
1.26347 13.2496 2
11.0508 46.5667 8
32.6258 8.9404 3
31.46 31.7286 15
17.3437 2.52846 8
35.313 24.5384 13
21.9398 48.7808 7
34.0648 1.83416 2
42.7274 46.8963 18
22.7546 1.7365 16
19.2343 16.4617 10
5.29954 10.0696 12
33.4407 17.5008 11
44.9278 29.2016 7
41.4579 12.2868 9
43.5163 5.41551 11
47.6287 26.4153 4
42.4451 24.6254 9
34.2967 6.98569 17
0.48677 47.2564 4
9.75066 27.7688 10
22.7515 47.7767 3
38.5708 36.2758 15
19.8737 8.79391 11
28.7942 6.88192 8
49.7894 0.256355 9
25.486 38.8607 17
16.7669 7.1276 19
6.41652 49.5788 7
5.25071 10.5045 10
49.1638 42.5871 5
40.5622 33.4117 8
45.9807 8.83511 11
26.0933 39.9869 7
39.8953 28.4234 1
38.2946 31.5653 15
48.3871 11.0248 2
48.0178 21.5186 18
36.5658 26.9677 2
10.6723 48.9532 3
5.67797 18.8543 19
9.57976 15.6682 6
31.6553 27.1508 9
27.9626 7.46941 14
28.3334 43.263 13
46.6597 46.1348 16
27.3003 1.84637 15
47.9247 18.4744 14
17.1682 21.4057 15
31.9117 0.0930815 10
25.8019 30.0562 4
2.99081 40.0128 12
15.8422 2.96182 2
38.9584 4.40992 7
3.06864 20.3604 7
48.8754 49.762 13
4.82498 11.9175 10
35.96 13.6662 20
38.3908 15.3356 13
41.7692 32.1253 7
22.8416 26.0262 18
38.2626 20.9525 18
49.0005 31.6156 7
36.3826 2.94809 3
26.6701 41.1298 4
24.8329 27.3339 8
2.86569 15.2715 12
21.9275 20.2414 9
25.2754 12.5446 11
48.1338 30.9687 7
8.13623 17.2262 14
38.316 4.39161 8
49.1821 40.6674 5
42.1506 21.7658 12
2.68105 18.3737 19
39.6878 16.2877 3
41.0413 43.0143 19
8.24915 42.5748 12
42.1796 9.07926 4
47.5188 16.7776 15
28.341 29.8807 15
33.5597 2.78481 14
10.1611 2.78481 9
10.4389 5.92822 10
14.1621 25.7881 2
21.5522 5.34227 4
48.4832 38.3618 12
13.01 15.4958 3
46.9481 3.93231 6
39.5215 23.0461 15
31.6218 0.927763 12
0.579852 3.05795 4
5.22019 25.7988 2
12.6438 35.1192 9
33.2896 15.8254 12
12.4622 21.2516 9
8.16523 3.1373 12
19.3167 9.96582 4
8.7344 45.4009 12
40.6018 10.538 10
38.0398 24.5079 3
17.4368 45.0621 6
41.232 43.3271 18
5.8977 38.9416 10
35.3313 13.538 17
6.33717 49.9023 10
26.1483 46.1241 5
19.422 37.1975 17
2.60933 11.127 3
4.04981 32.96 20
41.0657 6.58132 19
20.6519 2.75735 19
28.0084 48.7518 11
44.5967 28.5852 4
25.3533 48.7472 16
9.97497 21.0669 2
14.2674 5.07218 9
24.9641 24.781 11
17.6687 49.2035 14
17.5924 27.5704 15
24.2897 13.0436 1
6.50655 27.7963 6
24.7978 24.2882 18
26.0506 8.87783 4
29.1299 9.67437 12
0.405896 24.4758 12
20.2795 27.9687 15
38.5708 16.5319 17
19.3594 45.6786 5
41.908 28.2968 14
46.2584 40.0403 19
10.3656 41.7997 16
15.7674 47.148 10
33.0164 20.0369 2
16.9897 49.3454 11
35.136 24.9504 1
40.289 46.4934 8
8.33308 19.0085 20
47.4532 11.7084 6
3.91705 47.4334 14
33.1431 24.7902 12
3.72936 45.7991 3
5.48723 37.257 1
28.4997 30.4056 2
27.0943 32.7418 18
32.5358 12.4424 12
10.9119 36.8236 16
46.5606 38.0535 8
14.7801 32.4534 14
48.9364 0.993377 7
30.0501 32.1207 16
0.7416 9.1174 15
20.043 27.1752 9
3.26243 16.3823 14
39.0957 9.37681 16
8.83969 15.1021 12
9.20286 21.247 14
18.8711 24.5613 18
4.78225 21.1081 10
17.2765 18.5598 4
3.20902 27.3797 18
45.2788 11.8091 3
5.75426 15.7277 18
5.08591 29.9295 11
26.6106 13.506 8
17.2704 26.194 4
43.115 49.675 5
30.5567 36.3338 9
4.27412 6.36311 13
24.6376 37.0815 11
13.5548 11.745 19
37.7453 0.787378 11
41.8073 43.9985 1
22.2633 23.6534 14
43.5408 14.3284 13
15.038 5.2736 11
0.585955 44.3907 2
35.2092 28.37 7
7.94244 31.2128 5
22.9606 36.0714 16
