1	1.25205
11	1.64559
21	1.88853
31	1.97087
41	1.99358
51	2.08802
61	2.23787
71	2.60942
81	2.78678
91	2.90509
101	3.00515
111	3.06522
121	3.16
131	3.34942
141	3.54686
151	3.6895
161	3.79276
171	3.89001
181	3.97838
191	4.08089
201	4.20567
211	4.34049
221	4.54904
231	4.68661
241	4.82776
251	4.92102
261	4.97598
271	5.03595
281	5.14116
291	5.28085
301	5.39883
311	5.59042
321	5.72151
331	5.80698
341	5.90083
351	5.95834
361	5.99605
371	6.11549
381	6.25207
391	6.41986
401	6.58215
411	6.69444
421	6.78035
431	6.82371
441	6.88335
451	6.94274
461	7.05588
471	7.18903
481	7.30747
491	7.42529
501	7.50623
511	7.59587
521	7.71152
531	7.80184
541	7.87348
551	7.95254
561	8.02487
571	8.1105
581	8.23892
591	8.33292
601	8.41147
611	8.48323
621	8.54648
631	8.58155
641	8.60425
651	8.6189
661	8.6687
671	8.74105
681	8.80264
691	8.91461
701	8.99306
711	9.06424
721	9.16886
731	9.23748
741	9.32225
751	9.40911
761	9.46469
771	9.49731
781	9.5686
791	9.61481
801	9.66046
811	9.71899
821	9.75111
831	9.78668
841	9.82228
851	9.83506
861	9.84769
871	9.87377
881	9.88052
891	9.88746
901	9.89108
911	9.89418
921	9.89681
931	9.89742
941	9.90808
951	9.92027
961	9.9269
971	9.92938
981	9.93091
991	9.93148
1001	9.9317
1011	9.93207
1021	9.93235
1031	9.93242
1041	9.9326
1051	9.93952
1061	9.95134
1071	9.95513
1081	9.95978
1091	9.96363
1101	9.96402
1111	9.96556
1121	9.96566
1131	9.96566
1141	9.96584
1151	9.9659
1161	9.96607
1171	9.96608
1181	9.96619
1191	9.96619
1201	9.96624
1211	9.96624
1221	9.96624
1231	9.96624
1241	9.96624
1251	9.96628
1261	9.9817
1271	9.99005
1281	9.99288
1291	9.99576
1301	9.99611
1311	9.99682
1321	9.99816
1331	9.99845
1341	9.99861
1351	9.99898
1361	9.99947
1371	9.99962
1381	9.99973
1391	9.99978
1401	9.99982
1411	9.99986
1421	9.99986
1431	9.99986
1441	9.99986
1451	9.99986
1461	9.99986
1471	9.99986
1481	9.99986
1491	9.99986
1501	9.99986
1511	9.99986
1521	9.99986
1531	9.99986
1541	9.99986
1551	9.99986
1561	9.99986
1571	9.99986
1581	9.99986
1591	9.99986
1601	9.99986
1611	9.99986
1621	9.99986
1631	9.99986
1641	9.99986
1651	9.99986
1661	9.99986
1671	9.99986
1681	9.99986
1691	9.99986
1701	9.99986
1711	9.99986
1721	9.99986
1731	9.99986
1741	9.99986
1751	9.99986
1761	9.99986
1771	9.99986
1781	9.99986
1791	9.99986
1801	9.99986
1811	9.99986
1821	9.99986
1831	9.99986
1841	9.99986
1851	9.99986
1861	9.99986
1871	9.99986
1881	9.99986
1891	9.99986
1901	9.99986
1911	9.99986
1921	9.99986
1931	9.99986
1941	9.99986
1951	9.99986
1961	9.99986
1971	9.99986
1981	9.99986
1991	9.99986
2001	9.99986
2011	9.99986
2021	9.99986
2031	9.99986
2041	9.99986
2051	9.99986
2061	9.99986
2071	9.99986
2081	9.99986
2091	9.99986
2101	9.99992
2111	9.99992
2121	9.99992
2131	9.99992
2141	9.99992
2151	9.99992
2161	9.99992
2171	9.99992
2181	9.99992
2191	9.99992
2201	9.99992
2211	9.99992
2221	9.99992
2231	9.99992
2241	9.99992
2251	9.99992
2261	9.99992
2271	9.99992
2281	9.99992
2291	9.99992
2301	9.99992
2311	9.99992
2321	9.99992
2331	9.99993
2341	9.99993
2351	9.99993
2361	9.99993
2371	9.99993
2381	9.99993
2391	9.99993
2401	9.99993
2411	9.99993
2421	9.99993
2431	9.99993
2441	9.99993
2451	9.99993
2461	9.99993
2471	9.99993
2481	9.99993
2491	9.99993
2501	9.99993
2511	9.99993
2521	9.99993
2531	9.99993
2541	9.99993
2551	9.99993
2561	9.99993
2571	9.99993
2581	9.99993
2591	9.99993
2601	9.99993
2611	9.99993
2621	9.99993
2631	9.99993
2641	9.99993
2651	9.99993
2661	9.99993
2671	9.99993
2681	9.99993
2691	9.99993
2701	9.99993
2711	9.99993
2721	9.99993
2731	9.99993
2741	9.99993
2751	9.99993
2761	9.99993
2771	9.99993
2781	9.99993
2791	9.99993
2801	9.99993
2811	9.99993
2821	9.99993
2831	9.99993
2841	9.99993
2851	9.99993
2861	9.99993
2871	9.99993
2881	9.99993
2891	9.99993
2901	9.99993
2911	9.99993
2921	9.99993
2931	9.99993
2941	9.99993
2951	9.99993
2961	9.99993
2971	9.99993
2981	9.99993
2991	9.99993
3001	9.99993
3011	9.99993
3021	9.99993
3031	9.99993
3041	9.99993
3051	9.99993
3061	9.99993
3071	9.99993
3081	9.99993
3091	9.99993
3101	9.99993
3111	9.99993
3121	9.99993
3131	9.99993
3141	9.99993
3151	9.99993
3161	9.99993
3171	9.99993
3181	9.99993
3191	9.99993
3201	9.99993
3211	9.99993
3221	9.99993
3231	9.99993
3241	9.99993
3251	9.99993
3261	9.99993
3271	9.99993
3281	9.99993
3291	9.99993
3301	9.99993
3311	9.99993
3321	9.99993
3331	9.99993
3341	9.99993
3351	9.99993
3361	9.99993
3371	9.99993
3381	9.99993
3391	9.99993
3401	9.99993
3411	9.99995
3421	9.99995
3431	9.99995
3441	9.99995
3451	9.99995
3461	9.99995
3471	9.99995
3481	9.99995
3491	9.99995
3501	9.99995
3511	9.99995
3521	9.99995
3531	9.99995
3541	9.99995
3551	9.99995
3561	9.99995
3571	9.99995
3581	9.99995
3591	9.99995
3601	9.99995
3611	9.99995
3621	9.99995
3631	9.99995
3641	9.99995
3651	9.99995
3661	9.99996
3671	9.99996
3681	9.99996
3691	9.99996
3701	9.99997
3711	9.99997
3721	9.99997
3731	9.99997
3741	9.99997
3751	9.99997
3761	9.99997
3771	9.99997
3781	9.99997
3791	9.99997
3801	9.99997
3811	9.99997
3821	9.99997
3831	9.99997
3841	9.99997
3851	9.99997
3861	9.99997
3871	9.99997
3881	9.99997
3891	9.99997
3901	9.99997
3911	9.99997
3921	9.99997
3931	9.99997
3941	9.99997
3951	9.99997
3961	9.99997
3971	9.99997
3981	9.99997
3991	9.99997
4001	9.99997
4011	9.99997
4021	9.99997
4031	9.99997
4041	9.99997
4051	9.99997
4061	9.99997
4071	9.99997
4081	9.99997
4091	9.99997
4101	9.99997
4111	9.99997
4121	9.99997
4131	9.99997
4141	9.99997
4151	9.99997
4161	9.99997
4171	9.99997
4181	9.99997
4191	9.99997
4201	9.99997
4211	9.99997
4221	9.99997
4231	9.99997
4241	9.99997
4251	9.99997
4261	9.99997
4271	9.99997
4281	9.99997
4291	9.99997
4301	9.99997
4311	9.99997
4321	9.99997
4331	9.99997
4341	9.99997
4351	9.99997
4361	9.99997
4371	9.99997
4381	9.99997
4391	9.99997
4401	9.99997
4411	9.99997
4421	9.99997
4431	9.99997
4441	9.99997
4451	9.99997
4461	9.99997
4471	9.99997
4481	9.99997
4491	9.99997
4501	9.99997
4511	9.99997
4521	9.99997
4531	9.99997
4541	9.99997
4551	9.99997
4561	9.99997
4571	9.99997
4581	9.99997
4591	9.99997
4601	9.99997
4611	9.99997
4621	9.99997
4631	9.99997
4641	9.99997
4651	9.99997
4661	9.99997
4671	9.99997
4681	9.99997
4691	9.99997
4701	9.99997
4711	9.99997
4721	9.99997
4731	9.99997
4741	9.99997
4751	9.99997
4761	9.99997
4771	9.99997
4781	9.99997
4791	9.99997
4801	9.99997
4811	9.99997
4821	9.99997
4831	9.99997
4841	9.99997
4851	9.99997
4861	9.99997
4871	9.99997
4881	9.99997
4891	9.99997
4901	9.99997
4911	9.99997
4921	9.99997
4931	9.99997
4941	9.99997
4951	9.99997
4961	9.99997
4971	9.99997
4981	9.99997
4991	9.99997
5001	9.99997
5011	9.99997
5021	9.99997
5031	9.99997
5041	9.99997
5051	9.99997
5061	9.99997
5071	9.99997
5081	9.99997
5091	9.99997
5101	9.99997
5111	9.99997
5121	9.99997
5131	9.99997
5141	9.99997
5151	9.99997
5161	9.99997
5171	9.99997
5181	9.99997
5191	9.99997
5201	9.99997
5211	9.99997
5221	9.99997
5231	9.99997
5241	9.99997
5251	9.99997
5261	9.99997
5271	9.99997
5281	9.99997
5291	9.99997
5301	9.99997
5311	9.99997
5321	9.99997
5331	9.99997
5341	9.99997
5351	9.99997
5361	9.99997
5371	9.99997
5381	9.99997
5391	9.99997
5401	9.99997
5411	9.99997
5421	9.99997
5431	9.99997
5441	9.99997
5451	9.99997
5461	9.99997
5471	9.99997
5481	9.99997
5491	9.99997
5501	9.99997
5511	9.99997
5521	9.99997
5531	9.99997
5541	9.99997
5551	9.99997
5561	9.99997
5571	9.99997
5581	9.99997
5591	9.99997
5601	9.99997
5611	9.99997
5621	9.99997
5631	9.99997
5641	9.99997
5651	9.99997
5661	9.99997
5671	9.99997
5681	9.99997
5691	9.99997
5701	9.99997
5711	9.99997
5721	9.99997
5731	9.99997
5741	9.99997
5751	9.99997
5761	9.99997
5771	9.99997
5781	9.99997
5791	9.99997
5801	9.99997
5811	9.99997
5821	9.99997
5831	9.99997
5841	9.99997
5851	9.99997
5861	9.99997
5871	9.99997
5881	9.99997
5891	9.99997
5901	9.99997
5911	9.99997
5921	9.99997
5931	9.99997
5941	9.99997
5951	9.99997
5961	9.99997
5971	9.99997
5981	9.99997
5991	9.99997
6001	9.99997
6011	9.99997
6021	9.99997
6031	9.99997
6041	9.99997
6051	9.99997
6061	9.99997
6071	9.99997
6081	9.99997
6091	9.99997
6101	9.99997
1	1.26159
11	1.63942
21	1.88866
31	1.97537
41	1.99531
51	2.06402
61	2.28003
71	2.62074
81	2.78688
91	2.88785
101	2.99214
111	3.08295
121	3.16264
131	3.3188
141	3.50119
151	3.64659
161	3.79551
171	3.88816
181	3.98659
191	4.04403
201	4.12074
211	4.30158
221	4.49478
231	4.6155
241	4.74225
251	4.871
261	4.95072
271	5.0301
281	5.16121
291	5.31124
301	5.42361
311	5.56926
321	5.65699
331	5.77304
341	5.88558
351	5.92915
361	6.00357
371	6.13172
381	6.24182
391	6.32638
401	6.442
411	6.54893
421	6.63405
431	6.75028
441	6.83634
451	6.91153
461	7.01963
471	7.09234
481	7.17133
491	7.29417
501	7.42193
511	7.5291
521	7.60923
531	7.67054
541	7.71631
551	7.77771
561	7.85275
571	7.93355
581	8.0548
591	8.14632
601	8.23283
611	8.28741
621	8.32142
631	8.35265
641	8.37354
651	8.39433
661	8.43962
671	8.47999
681	8.51203
691	8.57462
701	8.66178
711	8.72029
721	8.80532
731	8.85588
741	8.93093
751	8.99953
761	9.05304
771	9.09884
781	9.15333
791	9.19322
801	9.22804
811	9.2536
821	9.27281
831	9.29535
841	9.32012
851	9.34838
861	9.37996
871	9.42639
881	9.45072
891	9.48531
901	9.51752
911	9.548
921	9.57189
931	9.59706
941	9.60982
951	9.62849
961	9.65193
971	9.67469
981	9.68171
991	9.71637
1001	9.73651
1011	9.76299
1021	9.77802
1031	9.78686
1041	9.7918
1051	9.80193
1061	9.82316
1071	9.839
1081	9.85019
1091	9.85524
1101	9.85816
1111	9.86134
1121	9.86273
1131	9.864
1141	9.86456
1151	9.86475
1161	9.86484
1171	9.86521
1181	9.86522
1191	9.86526
1201	9.86531
1211	9.86534
1221	9.86537
1231	9.86541
1241	9.86542
1251	9.87454
1261	9.88346
1271	9.88946
1281	9.89305
1291	9.89635
1301	9.8977
1311	9.89807
1321	9.89834
1331	9.89878
1341	9.9099
1351	9.92271
1361	9.92564
1371	9.92818
1381	9.93013
1391	9.93087
1401	9.93118
1411	9.9322
1421	9.93241
1431	9.93255
1441	9.93266
1451	9.93271
1461	9.93272
1471	9.93277
1481	9.93278
1491	9.93278
1501	9.93282
1511	9.93282
1521	9.93282
1531	9.93282
1541	9.93283
1551	9.93283
1561	9.93283
1571	9.93283
1581	9.93283
1591	9.93285
1601	9.93285
1611	9.93873
1621	9.95027
1631	9.95833
1641	9.96061
1651	9.96167
1661	9.96369
1671	9.96479
1681	9.96489
1691	9.9653
1701	9.96557
1711	9.96564
1721	9.96576
1731	9.96595
1741	9.96604
1751	9.96607
1761	9.96607
1771	9.96614
1781	9.96614
1791	9.96614
1801	9.96614
1811	9.96614
1821	9.96614
1831	9.96614
1841	9.96614
1851	9.96615
1861	9.96617
1871	9.96618
1881	9.96618
1891	9.97702
1901	9.99027
1911	9.99458
1921	9.99677
1931	9.99742
1941	9.99767
1951	9.99861
1961	9.99874
1971	9.99911
1981	9.99926
1991	9.99935
2001	9.99942
2011	9.99949
2021	9.99949
2031	9.9995
2041	9.99951
2051	9.99951
2061	9.99954
2071	9.99954
2081	9.99954
2091	9.99954
2101	9.99962
2111	9.99962
2121	9.99962
2131	9.99962
2141	9.99962
2151	9.99965
2161	9.99965
2171	9.99965
2181	9.99965
2191	9.99965
2201	9.99965
2211	9.99965
2221	9.99965
2231	9.99965
2241	9.99965
2251	9.99965
2261	9.99965
2271	9.99965
2281	9.99965
2291	9.99965
2301	9.99965
2311	9.99965
2321	9.99965
2331	9.99965
2341	9.99965
2351	9.99965
2361	9.99965
2371	9.99965
2381	9.99965
2391	9.99965
2401	9.99965
2411	9.99965
2421	9.99965
2431	9.99965
2441	9.99965
2451	9.99966
2461	9.99966
2471	9.99966
2481	9.99968
2491	9.99968
2501	9.99968
2511	9.99968
2521	9.99968
2531	9.99968
2541	9.99968
2551	9.99969
2561	9.99969
2571	9.99969
2581	9.99969
2591	9.99969
2601	9.99969
2611	9.99969
2621	9.99969
2631	9.99969
2641	9.99969
2651	9.99969
2661	9.99969
2671	9.99972
2681	9.99972
2691	9.99972
2701	9.99972
2711	9.99972
2721	9.99972
2731	9.99972
2741	9.99972
2751	9.99976
2761	9.99976
2771	9.99976
2781	9.99976
2791	9.99976
2801	9.99976
2811	9.99976
2821	9.99976
2831	9.99976
2841	9.99976
2851	9.99976
2861	9.99976
2871	9.99976
2881	9.99976
2891	9.99976
2901	9.99976
2911	9.99977
2921	9.99977
2931	9.99977
2941	9.99977
2951	9.99977
2961	9.99977
2971	9.99977
2981	9.99977
2991	9.99977
3001	9.99977
3011	9.99977
3021	9.99977
3031	9.99977
3041	9.99977
3051	9.99977
3061	9.99977
3071	9.99977
3081	9.99977
3091	9.99977
3101	9.99977
3111	9.99977
3121	9.99977
3131	9.99977
3141	9.99977
3151	9.99977
3161	9.99977
3171	9.99977
3181	9.99977
3191	9.99977
3201	9.99977
3211	9.99977
3221	9.99977
3231	9.99977
3241	9.99977
3251	9.99977
3261	9.99978
3271	9.99978
3281	9.99978
3291	9.99978
3301	9.99978
3311	9.9998
3321	9.9998
3331	9.9998
3341	9.9998
3351	9.9998
3361	9.9998
3371	9.9998
3381	9.9998
3391	9.9998
3401	9.9998
3411	9.9998
3421	9.9998
3431	9.9998
3441	9.9998
3451	9.9998
3461	9.9998
3471	9.9998
3481	9.9998
3491	9.9998
3501	9.9998
3511	9.9998
3521	9.9998
3531	9.9998
3541	9.9998
3551	9.9998
3561	9.9998
3571	9.9998
3581	9.9998
3591	9.9998
3601	9.9998
3611	9.9998
3621	9.9998
3631	9.9998
3641	9.9998
3651	9.99981
3661	9.99981
3671	9.99981
3681	9.99984
3691	9.99984
3701	9.99984
3711	9.99985
3721	9.99985
3731	9.99985
3741	9.99985
3751	9.99985
3761	9.99985
3771	9.99985
3781	9.99985
3791	9.99985
3801	9.99985
3811	9.99985
3821	9.99985
3831	9.99985
3841	9.99988
3851	9.99988
3861	9.99988
3871	9.99988
3881	9.99988
3891	9.99988
3901	9.99988
3911	9.99988
3921	9.99988
3931	9.99988
3941	9.99988
3951	9.99988
3961	9.99988
3971	9.99988
3981	9.99988
3991	9.99988
4001	9.99988
4011	9.99988
4021	9.99988
4031	9.99988
4041	9.99988
4051	9.99988
4061	9.99988
4071	9.99988
4081	9.99988
4091	9.99988
4101	9.99991
4111	9.99991
4121	9.99991
4131	9.99991
4141	9.99991
4151	9.99991
4161	9.99991
4171	9.99991
4181	9.99991
4191	9.99991
4201	9.99991
4211	9.99991
4221	9.99991
4231	9.99991
4241	9.99991
4251	9.99991
4261	9.99991
4271	9.99991
4281	9.99991
4291	9.99991
4301	9.99991
4311	9.99991
4321	9.99991
4331	9.99991
4341	9.99991
4351	9.99991
4361	9.99991
4371	9.99991
4381	9.99991
4391	9.99991
4401	9.99991
4411	9.99991
4421	9.99991
4431	9.99991
4441	9.99991
4451	9.99991
4461	9.99991
4471	9.99991
4481	9.99991
4491	9.99991
4501	9.99991
4511	9.99991
4521	9.99991
4531	9.99991
4541	9.99991
4551	9.99991
4561	9.99991
4571	9.99991
4581	9.99991
4591	9.99991
4601	9.99991
4611	9.99991
4621	9.99991
4631	9.99991
4641	9.99991
4651	9.99992
4661	9.99992
4671	9.99992
4681	9.99992
4691	9.99992
4701	9.99992
4711	9.99992
4721	9.99992
4731	9.99992
4741	9.99992
4751	9.99992
4761	9.99992
4771	9.99992
4781	9.99992
4791	9.99995
4801	9.99995
4811	9.99995
4821	9.99995
4831	9.99995
4841	9.99995
4851	9.99995
4861	9.99995
4871	9.99995
4881	9.99995
4891	9.99995
4901	9.99995
4911	9.99995
4921	9.99995
4931	9.99995
4941	9.99995
4951	9.99995
4961	9.99995
4971	9.99995
4981	9.99995
4991	9.99995
5001	9.99995
5011	9.99995
5021	9.99995
5031	9.99995
5041	9.99995
5051	9.99995
5061	9.99995
5071	9.99995
5081	9.99995
5091	9.99995
5101	9.99995
5111	9.99995
5121	9.99995
5131	9.99995
5141	9.99995
5151	9.99995
5161	9.99995
5171	9.99995
5181	9.99995
5191	9.99995
5201	9.99995
5211	9.99995
5221	9.99995
5231	9.99995
5241	9.99995
5251	9.99995
5261	9.99995
5271	9.99995
5281	9.99995
5291	9.99995
5301	9.99995
5311	9.99995
5321	9.99995
5331	9.99995
5341	9.99995
5351	9.99995
5361	9.99995
5371	9.99995
5381	9.99995
5391	9.99995
5401	9.99995
5411	9.99995
5421	9.99995
5431	9.99995
5441	9.99995
5451	9.99995
5461	9.99995
5471	9.99995
5481	9.99995
5491	9.99995
5501	9.99995
5511	9.99995
5521	9.99995
5531	9.99995
5541	9.99995
5551	9.99995
5561	9.99995
5571	9.99995
5581	9.99995
5591	9.99995
5601	9.99995
5611	9.99995
5621	9.99995
5631	9.99999
5641	9.99999
5651	9.99999
5661	9.99999
5671	9.99999
5681	9.99999
5691	9.99999
5701	9.99999
5711	9.99999
5721	9.99999
5731	9.99999
5741	9.99999
5751	9.99999
5761	9.99999
5771	9.99999
5781	9.99999
5791	9.99999
5801	9.99999
5811	9.99999
5821	9.99999
5831	9.99999
5841	9.99999
5851	9.99999
5861	9.99999
5871	9.99999
5881	9.99999
5891	9.99999
5901	9.99999
5911	9.99999
5921	9.99999
5931	9.99999
5941	9.99999
5951	9.99999
5961	9.99999
5971	9.99999
5981	9.99999
5991	9.99999
6001	9.99999
6011	9.99999
6021	9.99999
6031	9.99999
6041	9.99999
6051	9.99999
6061	9.99999
6071	9.99999
6081	9.99999
6091	9.99999
6101	9.99999
6111	9.99999
6121	9.99999
1	1.2728
11	1.6433
21	1.89502
31	1.96612
41	1.99362
51	2.09197
61	2.32799
71	2.65994
81	2.81442
91	2.90376
101	2.96648
111	3.03968
121	3.1602
131	3.38213
141	3.57489
151	3.71832
161	3.85247
171	3.92372
181	3.99663
191	4.10675
201	4.17553
211	4.25394
221	4.42115
231	4.57092
241	4.69063
251	4.77421
261	4.84183
271	4.97567
281	5.12304
291	5.22855
301	5.33759
311	5.48539
321	5.63616
331	5.74053
341	5.81944
351	5.88976
361	5.96178
371	6.01975
381	6.12328
391	6.21792
401	6.33355
411	6.49551
421	6.57391
431	6.66794
441	6.79514
451	6.89716
461	6.99967
471	7.08932
481	7.12495
491	7.19854
501	7.2723
511	7.38605
521	7.46806
531	7.54476
541	7.61423
551	7.67717
561	7.70321
571	7.7524
581	7.86732
591	7.95151
601	8.00503
611	8.04519
621	8.07714
631	8.12488
641	8.15812
651	8.20014
661	8.26772
671	8.29092
681	8.33573
691	8.40101
701	8.48107
711	8.56886
721	8.62919
731	8.69549
741	8.76383
751	8.88853
761	8.9511
771	8.98629
781	9.02214
791	9.04333
801	9.06987
811	9.08126
821	9.09671
831	9.11447
841	9.13419
851	9.16463
861	9.21026
871	9.27321
881	9.3281
891	9.35518
901	9.40261
911	9.43914
921	9.50505
931	9.543
941	9.57732
951	9.59649
961	9.60817
971	9.61262
981	9.65756
991	9.69063
1001	9.70543
1011	9.7383
1021	9.76242
1031	9.77639
1041	9.78336
1051	9.80566
1061	9.83561
1071	9.84716
1081	9.85476
1091	9.85809
1101	9.86027
1111	9.87676
1121	9.88359
1131	9.9066
1141	9.91728
1151	9.92188
1161	9.92586
1171	9.92733
1181	9.92781
1191	9.92855
1201	9.92942
1211	9.92968
1221	9.92976
1231	9.92979
1241	9.9301
1251	9.94038
1261	9.9496
1271	9.95648
1281	9.96144
1291	9.96292
1301	9.96372
1311	9.96438
1321	9.96457
1331	9.96474
1341	9.97282
1351	9.98099
1361	9.98856
1371	9.99246
1381	9.99351
1391	9.99573
1401	9.9964
1411	9.99779
1421	9.99789
1431	9.99828
1441	9.99835
1451	9.9985
1461	9.99855
1471	9.9987
1481	9.99877
1491	9.99899
1501	9.999
1511	9.999
1521	9.999
1531	9.999
1541	9.99906
1551	9.9991
1561	9.9991
1571	9.9991
1581	9.99921
1591	9.99921
1601	9.99921
1611	9.99926
1621	9.99926
1631	9.99935
1641	9.99935
1651	9.99935
1661	9.99936
1671	9.99936
1681	9.99936
1691	9.99936
1701	9.99936
1711	9.99937
1721	9.99937
1731	9.99944
1741	9.99945
1751	9.9995
1761	9.9995
1771	9.9995
1781	9.9995
1791	9.9995
1801	9.9995
1811	9.9995
1821	9.9995
1831	9.9995
1841	9.9995
1851	9.9995
1861	9.9995
1871	9.9995
1881	9.9995
1891	9.9995
1901	9.9995
1911	9.9995
1921	9.9995
1931	9.9995
1941	9.99951
1951	9.99951
1961	9.99951
1971	9.99951
1981	9.99954
1991	9.99954
2001	9.99954
2011	9.99955
2021	9.99955
2031	9.99955
2041	9.99955
2051	9.99955
2061	9.99955
2071	9.99955
2081	9.99959
2091	9.99959
2101	9.9996
2111	9.9996
2121	9.99962
2131	9.99962
2141	9.99962
2151	9.99963
2161	9.99963
2171	9.99963
2181	9.99963
2191	9.99963
2201	9.99963
2211	9.99963
2221	9.99963
2231	9.99963
2241	9.99963
2251	9.99963
2261	9.99963
2271	9.99963
2281	9.99963
2291	9.99963
2301	9.99963
2311	9.99963
2321	9.99963
2331	9.99963
2341	9.99963
2351	9.99963
2361	9.99963
2371	9.99963
2381	9.99963
2391	9.99963
2401	9.99967
2411	9.99967
2421	9.99967
2431	9.99967
2441	9.99967
2451	9.99967
2461	9.99967
2471	9.99967
2481	9.99967
2491	9.99967
2501	9.99967
2511	9.99967
2521	9.99967
2531	9.99967
2541	9.99973
2551	9.99973
2561	9.99973
2571	9.99973
2581	9.99973
2591	9.99973
2601	9.99973
2611	9.99973
2621	9.99973
2631	9.99973
2641	9.99973
2651	9.99973
2661	9.99973
2671	9.99974
2681	9.99974
2691	9.99977
2701	9.99977
2711	9.99977
2721	9.99978
2731	9.99978
2741	9.99978
2751	9.99978
2761	9.99978
2771	9.99978
2781	9.99978
2791	9.99978
2801	9.99978
2811	9.99978
2821	9.99978
2831	9.99978
2841	9.99978
2851	9.99978
2861	9.99978
2871	9.99978
2881	9.99978
2891	9.99978
2901	9.99978
2911	9.99978
2921	9.99978
2931	9.99978
2941	9.99978
2951	9.99978
2961	9.99978
2971	9.99978
2981	9.99978
2991	9.99978
3001	9.99978
3011	9.99978
3021	9.99978
3031	9.99978
3041	9.99978
3051	9.99978
3061	9.99978
3071	9.99981
3081	9.99981
3091	9.99981
3101	9.99981
3111	9.99981
3121	9.99981
3131	9.99981
3141	9.99981
3151	9.99981
3161	9.99981
3171	9.99981
3181	9.99981
3191	9.99981
3201	9.99985
3211	9.99985
3221	9.99985
3231	9.99985
3241	9.99985
3251	9.99985
3261	9.99985
3271	9.99985
3281	9.99985
3291	9.99985
3301	9.99985
3311	9.99985
3321	9.99985
3331	9.99985
3341	9.99985
3351	9.99985
3361	9.99985
3371	9.99985
3381	9.99985
3391	9.99985
3401	9.99985
3411	9.99985
3421	9.99985
3431	9.99985
3441	9.99985
3451	9.99985
3461	9.99985
3471	9.99985
3481	9.99985
3491	9.99985
3501	9.99985
3511	9.99985
3521	9.99985
3531	9.99985
3541	9.99985
3551	9.99985
3561	9.99985
3571	9.99985
3581	9.99985
3591	9.99985
3601	9.99985
3611	9.99985
3621	9.99985
3631	9.99985
3641	9.99985
3651	9.99985
3661	9.99985
3671	9.99985
3681	9.99985
3691	9.99985
3701	9.99985
3711	9.99985
3721	9.99985
3731	9.99985
3741	9.99989
3751	9.99989
3761	9.99989
3771	9.9999
3781	9.9999
3791	9.9999
3801	9.9999
3811	9.9999
3821	9.9999
3831	9.9999
3841	9.9999
3851	9.9999
3861	9.9999
3871	9.9999
3881	9.9999
3891	9.9999
3901	9.9999
3911	9.9999
3921	9.9999
3931	9.9999
3941	9.9999
3951	9.9999
3961	9.9999
3971	9.9999
3981	9.9999
3991	9.9999
4001	9.9999
4011	9.9999
4021	9.9999
4031	9.9999
4041	9.9999
4051	9.9999
4061	9.9999
4071	9.99992
4081	9.99992
4091	9.99992
4101	9.99992
4111	9.99992
4121	9.99999
4131	9.99999
4141	9.99999
4151	9.99999
4161	9.99999
4171	9.99999
4181	9.99999
4191	9.99999
4201	9.99999
4211	9.99999
4221	9.99999
4231	9.99999
4241	9.99999
4251	9.99999
4261	9.99999
4271	9.99999
4281	9.99999
4291	9.99999
4301	9.99999
4311	9.99999
4321	9.99999
4331	9.99999
4341	9.99999
4351	9.99999
4361	9.99999
4371	9.99999
4381	9.99999
4391	9.99999
4401	9.99999
4411	9.99999
4421	9.99999
4431	9.99999
4441	9.99999
4451	9.99999
4461	9.99999
4471	9.99999
4481	9.99999
4491	9.99999
4501	9.99999
4511	9.99999
4521	9.99999
4531	9.99999
4541	9.99999
4551	9.99999
4561	9.99999
4571	9.99999
4581	9.99999
4591	9.99999
4601	9.99999
4611	9.99999
4621	9.99999
4631	9.99999
4641	9.99999
4651	9.99999
4661	9.99999
4671	9.99999
4681	9.99999
4691	9.99999
4701	9.99999
4711	9.99999
4721	9.99999
4731	9.99999
4741	9.99999
4751	9.99999
4761	9.99999
4771	9.99999
4781	9.99999
4791	9.99999
4801	9.99999
4811	9.99999
4821	9.99999
4831	9.99999
4841	9.99999
4851	9.99999
4861	9.99999
4871	9.99999
4881	9.99999
4891	9.99999
4901	9.99999
4911	9.99999
4921	9.99999
4931	9.99999
4941	9.99999
4951	9.99999
4961	9.99999
4971	9.99999
4981	9.99999
4991	9.99999
5001	9.99999
5011	9.99999
5021	9.99999
5031	9.99999
5041	9.99999
5051	9.99999
5061	9.99999
5071	9.99999
5081	9.99999
5091	9.99999
5101	9.99999
5111	9.99999
5121	9.99999
5131	9.99999
5141	9.99999
5151	9.99999
5161	9.99999
5171	9.99999
5181	9.99999
5191	9.99999
5201	9.99999
5211	9.99999
5221	9.99999
5231	9.99999
5241	9.99999
5251	9.99999
5261	9.99999
5271	9.99999
5281	9.99999
5291	9.99999
5301	9.99999
5311	9.99999
5321	9.99999
5331	9.99999
5341	9.99999
5351	9.99999
5361	9.99999
5371	9.99999
5381	9.99999
5391	9.99999
5401	9.99999
5411	9.99999
5421	9.99999
5431	9.99999
5441	9.99999
5451	9.99999
5461	9.99999
5471	9.99999
5481	9.99999
5491	9.99999
5501	9.99999
5511	9.99999
5521	9.99999
5531	9.99999
5541	9.99999
5551	9.99999
5561	9.99999
5571	9.99999
5581	9.99999
5591	9.99999
5601	9.99999
5611	9.99999
5621	9.99999
5631	9.99999
5641	9.99999
5651	9.99999
5661	9.99999
5671	9.99999
5681	9.99999
5691	9.99999
5701	9.99999
5711	9.99999
5721	9.99999
5731	9.99999
5741	9.99999
5751	9.99999
5761	9.99999
5771	9.99999
5781	9.99999
5791	9.99999
5801	9.99999
5811	9.99999
5821	9.99999
5831	9.99999
5841	9.99999
5851	9.99999
5861	9.99999
5871	9.99999
5881	9.99999
5891	9.99999
5901	9.99999
5911	9.99999
5921	9.99999
5931	9.99999
5941	9.99999
5951	9.99999
5961	9.99999
5971	9.99999
5981	9.99999
5991	9.99999
6001	9.99999
6011	9.99999
6021	9.99999
6031	9.99999
6041	9.99999
6051	9.99999
6061	9.99999
6071	9.99999
6081	9.99999
6091	9.99999
6101	9.99999
6111	9.99999
6121	9.99999
6131	9.99999
6141	9.99999
6151	9.99999
6161	9.99999
6171	9.99999
6181	9.99999
6191	9.99999
6201	9.99999
6211	9.99999
6221	9.99999
6231	9.99999
6241	9.99999
6251	9.99999
6261	9.99999
6271	9.99999
6281	9.99999
6291	9.99999
6301	9.99999
6311	9.99999
6321	9.99999
6331	9.99999
6341	9.99999
6351	9.99999
6361	9.99999
6371	9.99999
6381	9.99999
6391	9.99999
6401	9.99999
6411	9.99999
6421	9.99999
6431	9.99999
6441	9.99999
6451	9.99999
6461	9.99999
6471	9.99999
6481	9.99999
6491	9.99999
6501	9.99999
6511	9.99999
6521	9.99999
6531	9.99999
6541	9.99999
6551	9.99999
6561	9.99999
6571	9.99999
6581	9.99999
6591	9.99999
6601	9.99999
6611	9.99999
6621	9.99999
6631	9.99999
6641	9.99999
6651	9.99999
6661	9.99999
6671	9.99999
6681	9.99999
6691	9.99999
6701	9.99999
6711	9.99999
6721	9.99999
6731	9.99999
6741	9.99999
6751	9.99999
6761	9.99999
6771	9.99999
6781	9.99999
6791	9.99999
6801	9.99999
6811	9.99999
6821	9.99999
6831	9.99999
6841	9.99999
6851	9.99999
6861	9.99999
6871	9.99999
6881	9.99999
6891	9.99999
6901	9.99999
6911	9.99999
6921	9.99999
6931	9.99999
6941	9.99999
6951	9.99999
6961	9.99999
6971	9.99999
6981	9.99999
6991	9.99999
7001	9.99999
7011	9.99999
7021	9.99999
7031	9.99999
7041	9.99999
7051	9.99999
7061	9.99999
7071	9.99999
7081	9.99999
7091	9.99999
7101	9.99999
7111	9.99999
7121	9.99999
7131	9.99999
7141	9.99999
7151	9.99999
7161	9.99999
7171	9.99999
7181	9.99999
7191	9.99999
7201	9.99999
7211	9.99999
7221	9.99999
7231	9.99999
7241	9.99999
7251	9.99999
7261	9.99999
7271	9.99999
7281	9.99999
7291	9.99999
7301	9.99999
7311	9.99999
7321	9.99999
7331	9.99999
7341	9.99999
7351	9.99999
7361	9.99999
7371	9.99999
7381	9.99999
7391	9.99999
7401	9.99999
7411	9.99999
7421	9.99999
7431	9.99999
7441	9.99999
7451	9.99999
7461	9.99999
7471	9.99999
7481	9.99999
7491	9.99999
7501	9.99999
7511	9.99999
7521	9.99999
7531	9.99999
7541	9.99999
7551	9.99999
7561	9.99999
7571	9.99999
7581	9.99999
7591	9.99999
7601	9.99999
7611	9.99999
7621	9.99999
7631	9.99999
7641	9.99999
7651	9.99999
7661	9.99999
7671	9.99999
7681	9.99999
7691	9.99999
7701	9.99999
7711	9.99999
7721	9.99999
7731	9.99999
7741	9.99999
7751	9.99999
7761	9.99999
7771	9.99999
7781	9.99999
7791	9.99999
7801	9.99999
7811	9.99999
7821	9.99999
7831	9.99999
7841	9.99999
7851	9.99999
7861	9.99999
7871	9.99999
7881	9.99999
7891	9.99999
7901	9.99999
7911	9.99999
7921	9.99999
7931	9.99999
7941	9.99999
7951	9.99999
7961	9.99999
7971	9.99999
7981	9.99999
7991	9.99999
8001	9.99999
8011	9.99999
8021	9.99999
8031	9.99999
8041	9.99999
8051	9.99999
8061	9.99999
8071	9.99999
8081	9.99999
8091	9.99999
8101	9.99999
8111	9.99999
8121	9.99999
1	1.25923
11	1.64633
21	1.89615
31	1.97423
41	1.99392
51	2.09209
61	2.25512
71	2.65503
81	2.85295
91	2.92462
101	2.98889
111	3.03598
121	3.14653
131	3.39682
141	3.57255
151	3.76614
161	3.89787
171	3.97411
181	4.03108
191	4.13755
201	4.27099
211	4.40955
221	4.59466
231	4.71098
241	4.80902
251	4.92916
261	5.0184
271	5.07977
281	5.21024
291	5.33248
301	5.46392
311	5.64854
321	5.74316
331	5.80297
341	5.89816
351	5.96652
361	6.01493
371	6.16593
381	6.31916
391	6.43622
401	6.54835
411	6.68245
421	6.7945
431	6.88687
441	6.9465
451	7.00396
461	7.09507
471	7.18489
481	7.29977
491	7.42409
501	7.50404
511	7.56373
521	7.65978
531	7.73786
541	7.84641
551	7.96587
561	8.0464
571	8.09218
581	8.17301
591	8.24001
601	8.3356
611	8.40848
621	8.45953
631	8.52961
641	8.57653
651	8.60007
661	8.61867
671	8.6579
681	8.7002
691	8.74835
701	8.79381
711	8.82755
721	8.87008
731	8.9006
741	8.92537
751	8.94276
761	8.97153
771	8.98004
781	8.99213
791	8.99713
801	8.99818
811	8.99913
821	8.99932
831	8.99936
841	8.99955
851	8.99969
861	8.99976
871	8.99978
881	8.99981
891	8.99985
901	8.99986
911	8.99986
921	8.99986
931	8.99986
941	8.99989
951	8.99991
961	8.99991
971	8.99991
981	8.99991
991	8.99993
1001	8.99993
1011	8.99993
1021	8.99996
1031	8.99996
1041	8.99996
1051	8.99996
1061	8.99996
1071	8.99996
1081	8.99996
1091	8.99996
1101	8.99996
1111	8.99996
1121	8.99996
1131	8.99996
1141	8.99996
1151	8.99996
1161	8.99996
1171	8.99997
1181	8.99997
1191	8.99997
1201	8.99997
1211	8.99997
1221	8.99997
1231	8.99997
1241	8.99997
1251	8.99997
1261	8.99997
1271	8.99997
1281	8.99997
1291	8.99997
1301	8.99997
1311	8.99997
1321	8.99997
1331	8.99999
1341	8.99999
1351	8.99999
1361	8.99999
1	1.27665
11	1.65225
21	1.89276
31	1.97094
41	1.99347
51	2.04894
61	2.26538
71	2.61072
81	2.80602
91	2.91855
101	2.99113
111	3.06777
121	3.20828
131	3.4517
141	3.62458
151	3.78451
161	3.88018
171	3.95864
181	4.03252
191	4.22175
201	4.43004
211	4.63017
221	4.76941
231	4.82924
241	4.88122
251	4.93138
261	5.04382
271	5.22911
281	5.45257
291	5.56695
301	5.67447
311	5.80332
321	5.87125
331	5.93085
341	6.06397
351	6.206
361	6.32867
371	6.46314
381	6.54265
391	6.6045
401	6.66815
411	6.76943
421	6.90711
431	7.04922
441	7.14931
451	7.27165
461	7.43375
471	7.53006
481	7.60642
491	7.67276
501	7.7396
511	7.78638
521	7.83601
531	7.86931
541	7.92403
551	8.05109
561	8.17983
571	8.32327
581	8.46812
591	8.58517
601	8.6521
611	8.69982
621	8.73865
631	8.78831
641	8.80947
651	8.82993
661	8.89455
671	8.9646
681	9.0353
691	9.11343
701	9.20878
711	9.29636
721	9.38916
731	9.47896
741	9.52336
751	9.59921
761	9.64423
771	9.69647
781	9.75644
791	9.8056
801	9.84508
811	9.86866
821	9.89038
831	9.90737
841	9.92072
851	9.9286
861	9.93856
871	9.95157
881	9.97322
891	9.98375
901	9.99129
911	9.99438
921	9.99653
931	9.99784
941	9.99856
951	9.99924
961	9.99957
971	9.99963
981	9.9997
991	9.99976
1001	9.99993
1011	9.99993
1021	9.99995
1031	9.99995
1041	9.99995
1051	9.99995
1061	9.99996
1071	9.99996
1081	9.99996
1091	9.99996
1101	9.99996
1	1.26717
11	1.63755
21	1.90448
31	1.97205
41	1.99468
51	2.08988
61	2.37652
71	2.72095
81	2.87805
91	2.92952
101	3.00415
111	3.09513
121	3.24233
131	3.49507
141	3.6902
151	3.82116
161	3.94562
171	4.01744
181	4.09792
191	4.27029
201	4.40482
211	4.5534
221	4.70773
231	4.80663
241	4.88927
251	4.99354
261	5.10707
271	5.25052
281	5.41946
291	5.5343
301	5.61669
311	5.70605
321	5.84516
331	5.93683
341	6.01261
351	6.11487
361	6.19015
371	6.32034
381	6.44509
391	6.57427
401	6.71657
411	6.82068
421	6.88959
431	6.96385
441	7.0094
451	7.06937
461	7.22971
471	7.33408
481	7.43401
491	7.54796
501	7.6299
511	7.68639
521	7.77679
531	7.81611
541	7.84339
551	7.87812
561	7.90555
571	7.91948
581	7.92448
591	7.9285
601	7.93046
611	7.9489
621	7.95603
631	7.96272
641	7.96433
651	7.96513
661	7.98347
671	7.99005
681	7.9941
691	7.99687
701	7.99835
711	7.99944
721	7.99966
731	7.99971
741	7.99977
751	7.99977
761	7.99978
771	7.9998
781	7.99982
791	7.99982
801	7.99982
811	7.99984
821	7.99985
831	7.99985
841	7.99985
851	7.99985
861	7.99986
871	7.99986
881	7.99986
891	7.99986
901	7.99986
911	7.99988
921	7.99988
931	7.99988
941	7.99988
951	7.99988
961	7.99989
971	7.99989
981	7.99989
991	7.99989
1001	7.99989
1011	7.9999
1021	7.9999
1031	7.9999
1041	7.9999
1051	7.9999
1061	7.9999
1071	7.9999
1081	7.9999
1091	7.9999
1101	7.99993
1111	7.99993
1121	7.99993
1131	7.99993
1141	7.99993
1151	7.99995
1161	7.99995
1171	7.99995
1181	7.99996
1191	7.99996
1201	7.99996
1211	7.99996
1221	7.99996
1231	7.99996
1241	7.99996
1251	7.99996
1261	7.99996
1271	7.99996
1281	7.99996
1291	7.99996
1301	7.99996
1311	7.99996
1321	7.99996
1331	7.99996
1341	7.99996
1351	7.99996
1361	7.99996
1371	7.99996
1381	7.99996
1391	7.99996
1401	7.99996
1411	7.99996
1421	7.99996
1431	7.99996
1441	7.99997
1451	7.99997
1461	7.99997
1471	7.99997
1481	7.99997
1491	7.99997
1501	7.99997
1511	7.99997
1521	7.99997
1531	7.99997
1541	7.99997
1551	7.99997
1561	7.99997
1571	7.99997
1581	7.99997
1591	7.99997
1601	7.99997
1611	7.99997
1621	7.99997
1631	7.99997
1641	7.99997
1651	7.99997
1661	7.99997
1671	7.99997
1681	7.99997
1691	7.99997
1701	7.99997
1711	7.99997
1721	7.99997
1731	7.99997
1741	7.99997
1751	7.99997
1761	7.99997
1771	7.99997
1781	7.99997
1791	7.99997
1801	7.99997
1811	7.99997
1	1.26018
11	1.64308
21	1.89963
31	1.97133
41	1.99319
51	2.0593
61	2.23687
71	2.54055
81	2.76062
91	2.89236
101	2.96485
111	3.01915
121	3.11436
131	3.34428
141	3.56346
151	3.73007
161	3.8397
171	3.90602
181	3.95306
191	4.06857
201	4.17538
211	4.33381
221	4.58464
231	4.72216
241	4.81442
251	4.90106
261	4.96846
271	5.02338
281	5.11688
291	5.25646
301	5.40948
311	5.61096
321	5.7506
331	5.80937
341	5.87386
351	5.95008
361	6.02996
371	6.13407
381	6.25667
391	6.37201
401	6.53355
411	6.61431
421	6.70019
431	6.76667
441	6.8362
451	6.90772
461	7.02905
471	7.13704
481	7.24625
491	7.39512
501	7.4957
511	7.56779
521	7.67694
531	7.77228
541	7.8303
551	7.9112
561	7.95374
571	8.04091
581	8.1492
591	8.20866
601	8.27299
611	8.33011
621	8.37648
631	8.41713
641	8.46877
651	8.50525
661	8.57122
671	8.62156
681	8.69284
691	8.75544
701	8.83551
711	8.93994
721	9.04933
731	9.12617
741	9.18278
751	9.25023
761	9.29746
771	9.33249
781	9.38687
791	9.45014
801	9.50967
811	9.56134
821	9.60465
831	9.65247
841	9.72334
851	9.7679
861	9.81524
871	9.8773
881	9.9233
891	9.98298
901	10.0296
911	10.0914
921	10.151
931	10.2007
941	10.225
951	10.2593
961	10.2958
971	10.3335
981	10.3626
991	10.392
1001	10.4555
1011	10.5095
1021	10.5557
1031	10.5976
1041	10.6331
1051	10.6588
1061	10.6762
1071	10.7256
1081	10.7755
1091	10.8027
1101	10.8432
1111	10.872
1121	10.9017
1131	10.9594
1141	11.0057
1151	11.0313
1161	11.0537
1171	11.0817
1181	11.1089
1191	11.1237
1201	11.1777
1211	11.1942
1221	11.2095
1231	11.2253
1241	11.2374
1251	11.2451
1261	11.2495
1271	11.2526
1281	11.2768
1291	11.2943
1301	11.3035
1311	11.3131
1321	11.3171
1331	11.3215
1341	11.3238
1351	11.3336
1361	11.3476
1371	11.368
1381	11.3773
1391	11.3812
1401	11.3869
1411	11.3901
1421	11.3917
1431	11.3926
1441	11.3943
1451	11.3997
1461	11.422
1471	11.4495
1481	11.4643
1491	11.4864
1501	11.4998
1511	11.5188
1521	11.5371
1531	11.5481
1541	11.558
1551	11.5715
1561	11.5774
1571	11.5824
1581	11.5854
1591	11.5923
1601	11.6066
1611	11.6112
1621	11.6342
1631	11.6468
1641	11.6526
1651	11.656
1661	11.6576
1671	11.6591
1681	11.6687
1691	11.6857
1701	11.6965
1711	11.7032
1721	11.7135
1731	11.7185
1741	11.7227
1751	11.7244
1761	11.7262
1771	11.7271
1781	11.7279
1791	11.7282
1801	11.7285
1811	11.7291
1821	11.7291
1831	11.7295
1841	11.7297
1851	11.73
1861	11.7302
1871	11.7305
1881	11.7305
1891	11.7306
1901	11.7307
1911	11.7307
1921	11.7307
1931	11.7373
1941	11.7512
1951	11.754
1961	11.7574
1971	11.772
1981	11.7838
1991	11.7883
2001	11.7905
2011	11.7932
2021	11.7945
2031	11.7956
2041	11.8083
2051	11.8164
2061	11.8199
2071	11.8252
2081	11.8271
2091	11.8272
2101	11.8286
2111	11.8292
2121	11.8294
2131	11.8298
2141	11.8299
2151	11.83
2161	11.8301
2171	11.8302
2181	11.8302
2191	11.8302
2201	11.8305
2211	11.8305
2221	11.8307
2231	11.8307
2241	11.8307
2251	11.8308
2261	11.8308
2271	11.8308
2281	11.8308
2291	11.8308
2301	11.831
2311	11.831
2321	11.831
2331	11.831
2341	11.831
2351	11.831
2361	11.831
2371	11.8312
2381	11.8312
2391	11.8314
2401	11.8314
2411	11.8314
2421	11.8314
2431	11.8314
2441	11.8314
2451	11.8314
2461	11.8314
2471	11.8314
2481	11.8315
2491	11.8315
2501	11.8384
2511	11.8509
2521	11.8555
2531	11.8573
2541	11.8607
2551	11.8622
2561	11.8633
2571	11.8634
2581	11.8638
2591	11.864
2601	11.8642
2611	11.8647
2621	11.8647
2631	11.865
2641	11.865
2651	11.8652
2661	11.8652
2671	11.8652
2681	11.8652
2691	11.8652
2701	11.8652
2711	11.8652
2721	11.8653
2731	11.8653
2741	11.8653
2751	11.8653
2761	11.8653
2771	11.8653
2781	11.8653
2791	11.8653
2801	11.8653
2811	11.8653
2821	11.8653
2831	11.8653
2841	11.8653
2851	11.8653
2861	11.8653
2871	11.8653
2881	11.8653
2891	11.8655
2901	11.8655
2911	11.8655
2921	11.8655
2931	11.8655
2941	11.8655
2951	11.8655
2961	11.8655
2971	11.8655
2981	11.8655
2991	11.8655
3001	11.8655
3011	11.8655
3021	11.8655
3031	11.8655
3041	11.8655
3051	11.8655
3061	11.8655
3071	11.8655
3081	11.8655
3091	11.8655
3101	11.8655
3111	11.8655
3121	11.8655
3131	11.8655
3141	11.8655
3151	11.8655
3161	11.8655
3171	11.8655
3181	11.8655
3191	11.8655
3201	11.8655
3211	11.8655
3221	11.8655
3231	11.8655
3241	11.8655
3251	11.8655
3261	11.8655
3271	11.8655
3281	11.8656
3291	11.8656
3301	11.8656
3311	11.8656
3321	11.8749
3331	11.8843
3341	11.8867
3351	11.8917
3361	11.8936
3371	11.8953
3381	11.8964
3391	11.8967
3401	11.8976
3411	11.8981
3421	11.8983
3431	11.8984
3441	11.8985
3451	11.8986
3461	11.8986
3471	11.8986
3481	11.8987
3491	11.8987
3501	11.8988
3511	11.8988
3521	11.8988
3531	11.8988
3541	11.8988
3551	11.8988
3561	11.8989
3571	11.8989
3581	11.8989
3591	11.8989
3601	11.8989
3611	11.8989
3621	11.8989
3631	11.8989
3641	11.8989
3651	11.8989
3661	11.8989
3671	11.8989
3681	11.8989
3691	11.8989
3701	11.899
3711	11.899
3721	11.899
3731	11.899
3741	11.899
3751	11.899
3761	11.899
3771	11.899
3781	11.899
3791	11.8991
3801	11.8991
3811	11.8992
3821	11.8992
3831	11.8992
3841	11.8992
3851	11.8992
3861	11.9089
3871	11.9139
3881	11.9196
3891	11.925
3901	11.9271
3911	11.9272
3921	11.9304
3931	11.931
3941	11.9316
3951	11.9317
3961	11.9319
3971	11.932
3981	11.9321
3991	11.9322
4001	11.9322
4011	11.9322
4021	11.9323
4031	11.9323
4041	11.9323
4051	11.9323
4061	11.9324
4071	11.9324
4081	11.9324
4091	11.9324
4101	11.9324
4111	11.9324
4121	11.9324
4131	11.9325
4141	11.9325
4151	11.9325
4161	11.9325
4171	11.9325
4181	11.9325
4191	11.9325
4201	11.9325
4211	11.9325
4221	11.9325
4231	11.9325
4241	11.9325
4251	11.9325
4261	11.9325
4271	11.9325
4281	11.9325
4291	11.9325
4301	11.9325
4311	11.9325
4321	11.9325
4331	11.9325
4341	11.9325
4351	11.9325
4361	11.9325
4371	11.9325
4381	11.9325
4391	11.9325
4401	11.9325
4411	11.9325
4421	11.9327
4431	11.9327
4441	11.9327
4451	11.9327
4461	11.9327
4471	11.9327
4481	11.9327
4491	11.9327
4501	11.9327
4511	11.9327
4521	11.9327
4531	11.9327
4541	11.9327
4551	11.9327
4561	11.9327
4571	11.9327
4581	11.9327
4591	11.9327
4601	11.9328
4611	11.9328
4621	11.9328
4631	11.9328
4641	11.9328
4651	11.9328
4661	11.9328
4671	11.9328
4681	11.9373
4691	11.9509
4701	11.9548
4711	11.9588
4721	11.9605
4731	11.962
4741	11.9637
4751	11.964
4761	11.9646
4771	11.9652
4781	11.9655
4791	11.9655
4801	11.966
4811	11.9661
4821	11.9661
4831	11.9661
4841	11.9661
4851	11.9661
4861	11.9661
4871	11.9661
4881	11.9661
4891	11.9662
4901	11.9662
4911	11.9662
4921	11.9662
4931	11.9662
4941	11.9662
4951	11.9662
4961	11.9662
4971	11.9662
4981	11.9662
4991	11.9662
5001	11.9662
5011	11.9662
5021	11.9662
5031	11.9662
5041	11.9662
5051	11.9662
5061	11.9662
5071	11.9662
5081	11.9662
5091	11.9662
5101	11.9662
5111	11.9662
5121	11.9662
5131	11.9662
5141	11.9662
5151	11.9662
5161	11.9662
5171	11.9662
5181	11.9662
5191	11.9662
5201	11.9662
5211	11.9773
5221	11.9843
5231	11.9895
5241	11.992
5251	11.9944
5261	11.9964
5271	11.9984
5281	11.9984
5291	11.9987
5301	11.9987
5311	11.9988
5321	11.9989
5331	11.999
5341	11.9991
5351	11.9993
5361	11.9994
5371	11.9994
5381	11.9994
5391	11.9994
5401	11.9994
5411	11.9994
5421	11.9994
5431	11.9994
5441	11.9994
5451	11.9994
5461	11.9994
5471	11.9994
5481	11.9994
5491	11.9994
5501	11.9994
5511	11.9994
5521	11.9994
5531	11.9994
5541	11.9994
5551	11.9994
5561	11.9995
5571	11.9995
5581	12.0063
5591	11.9995
5601	11.9995
5611	11.9995
5621	11.9995
5631	11.9995
5641	11.9995
5651	11.9995
5661	11.9995
5671	11.9995
5681	11.9996
5691	11.9996
5701	11.9996
5711	11.9996
5721	11.9996
5731	11.9996
5741	11.9997
5751	11.9997
5761	11.9997
5771	11.9997
5781	11.9997
5791	11.9997
5801	11.9997
5811	11.9997
5821	11.9997
5831	11.9997
5841	11.9997
5851	11.9997
5861	11.9997
5871	11.9997
5881	11.9997
5891	11.9997
5901	11.9997
5911	11.9997
5921	11.9997
5931	11.9997
5941	11.9997
5951	11.9997
5961	11.9997
5971	11.9997
5981	11.9997
5991	11.9997
6001	11.9997
6011	11.9997
6021	11.9997
6031	11.9997
6041	11.9997
6051	11.9997
6061	11.9997
6071	11.9997
6081	11.9997
6091	11.9997
6101	11.9997
6111	11.9997
6121	11.9997
6131	11.9997
6141	11.9997
6151	11.9997
6161	11.9997
6171	11.9997
6181	11.9998
6191	11.9998
6201	11.9998
6211	11.9998
6221	11.9998
6231	11.9998
6241	11.9998
6251	11.9998
6261	11.9998
6271	11.9998
6281	11.9998
6291	11.9998
6301	11.9998
6311	11.9998
6321	11.9998
6331	11.9998
6341	11.9998
6351	11.9998
6361	11.9998
6371	11.9998
6381	11.9998
6391	11.9998
6401	11.9998
6411	11.9998
6421	11.9998
6431	11.9998
6441	11.9998
6451	11.9998
6461	11.9998
6471	11.9998
6481	11.9998
6491	11.9998
6501	11.9998
6511	11.9998
6521	11.9998
6531	11.9998
6541	11.9998
6551	11.9998
6561	11.9998
6571	11.9998
6581	11.9998
6591	11.9998
6601	11.9998
6611	11.9998
6621	11.9998
6631	11.9998
6641	11.9998
6651	11.9998
6661	11.9998
6671	11.9998
6681	11.9998
6691	11.9998
6701	11.9998
6711	11.9998
6721	11.9998
6731	11.9998
6741	11.9998
6751	11.9998
6761	11.9998
6771	11.9998
6781	11.9998
6791	11.9998
6801	11.9998
6811	11.9998
6821	11.9998
6831	11.9998
6841	11.9998
6851	11.9998
6861	11.9998
6871	11.9998
6881	11.9998
6891	11.9998
6901	11.9998
6911	11.9998
6921	11.9998
6931	11.9998
6941	11.9998
6951	11.9998
6961	11.9998
6971	11.9998
6981	11.9998
6991	11.9998
7001	11.9998
7011	11.9998
7021	11.9998
7031	11.9998
7041	11.9998
7051	11.9998
7061	11.9998
7071	11.9998
7081	11.9998
7091	11.9998
7101	11.9998
7111	11.9999
7121	11.9999
7131	11.9999
7141	11.9999
7151	11.9999
7161	11.9999
7171	11.9999
7181	11.9999
7191	11.9999
7201	11.9999
7211	11.9999
7221	11.9999
7231	11.9999
7241	11.9999
7251	11.9999
7261	11.9999
7271	11.9999
7281	11.9999
7291	11.9999
7301	11.9999
7311	11.9999
7321	11.9999
7331	11.9999
7341	11.9999
7351	11.9999
7361	11.9999
7371	11.9999
7381	11.9999
7391	11.9999
7401	11.9999
7411	11.9999
7421	11.9999
7431	11.9999
7441	11.9999
7451	11.9999
7461	11.9999
7471	11.9999
7481	11.9999
7491	11.9999
7501	11.9999
7511	11.9999
7521	11.9999
7531	11.9999
7541	11.9999
7551	11.9999
7561	11.9999
7571	11.9999
7581	11.9999
7591	11.9999
7601	11.9999
7611	11.9999
7621	11.9999
7631	11.9999
7641	11.9999
7651	11.9999
7661	11.9999
7671	11.9999
7681	11.9999
7691	11.9999
7701	11.9999
7711	11.9999
7721	11.9999
7731	11.9999
7741	11.9999
7751	11.9999
7761	11.9999
7771	11.9999
7781	11.9999
7791	11.9999
7801	11.9999
7811	11.9999
7821	11.9999
7831	11.9999
7841	11.9999
7851	11.9999
7861	11.9999
7871	11.9999
7881	11.9999
7891	11.9999
7901	11.9999
7911	11.9999
7921	11.9999
7931	11.9999
7941	11.9999
7951	11.9999
7961	11.9999
7971	11.9999
7981	11.9999
7991	11.9999
8001	11.9999
8011	11.9999
8021	11.9999
8031	11.9999
8041	11.9999
8051	11.9999
8061	11.9999
8071	11.9999
8081	11.9999
8091	11.9999
8101	11.9999
8111	11.9999
8121	11.9999
8131	11.9999
8141	11.9999
8151	11.9999
8161	11.9999
8171	11.9999
8181	11.9999
8191	11.9999
8201	11.9999
8211	11.9999
8221	11.9999
8231	11.9999
8241	11.9999
8251	11.9999
8261	11.9999
8271	11.9999
8281	11.9999
8291	11.9999
8301	11.9999
8311	11.9999
8321	11.9999
8331	11.9999
8341	11.9999
8351	11.9999
8361	11.9999
8371	11.9999
8381	11.9999
8391	11.9999
8401	11.9999
8411	11.9999
8421	11.9999
8431	11.9999
8441	11.9999
8451	11.9999
8461	11.9999
8471	11.9999
8481	11.9999
8491	11.9999
8501	11.9999
8511	11.9999
8521	11.9999
8531	11.9999
8541	11.9999
8551	11.9999
8561	11.9999
8571	11.9999
8581	11.9999
8591	11.9999
8601	11.9999
8611	11.9999
8621	11.9999
8631	11.9999
8641	11.9999
8651	11.9999
8661	11.9999
8671	11.9999
8681	11.9999
8691	11.9999
8701	11.9999
8711	11.9999
8721	11.9999
8731	11.9999
8741	11.9999
8751	11.9999
8761	11.9999
8771	11.9999
8781	11.9999
8791	11.9999
8801	11.9999
8811	11.9999
8821	11.9999
8831	11.9999
8841	11.9999
8851	11.9999
8861	11.9999
8871	11.9999
8881	11.9999
8891	11.9999
8901	11.9999
8911	11.9999
8921	11.9999
8931	11.9999
8941	11.9999
8951	11.9999
8961	11.9999
8971	11.9999
8981	11.9999
8991	11.9999
9001	11.9999
9011	11.9999
9021	11.9999
9031	11.9999
9041	11.9999
9051	11.9999
9061	11.9999
9071	11.9999
9081	11.9999
9091	11.9999
9101	11.9999
9111	11.9999
9121	11.9999
9131	11.9999
9141	11.9999
9151	11.9999
9161	11.9999
9171	11.9999
9181	11.9999
9191	11.9999
9201	11.9999
9211	11.9999
9221	11.9999
9231	11.9999
9241	11.9999
9251	11.9999
9261	11.9999
9271	11.9999
9281	11.9999
9291	11.9999
9301	11.9999
9311	11.9999
9321	11.9999
9331	11.9999
9341	11.9999
9351	11.9999
9361	11.9999
9371	11.9999
9381	12
9391	12
9401	12
9411	12
9421	12
9431	12
9441	12
9451	12
9461	12
9471	12
9481	12
9491	12
9501	12
9511	12
9521	12
9531	12
9541	12
9551	12
9561	12
9571	12
9581	12
9591	12
9601	12
9611	12
9621	12
9631	12
9641	12
9651	12
9661	12
9671	12
9681	12
9691	12
9701	12
9711	12
9721	12
9731	12
9741	12
9751	12
9761	12
9771	12
9781	12
9791	12
9801	12
9811	12
9821	12
9831	12
9841	12
9851	12
9861	12
9871	12
9881	12
9891	12
9901	12
9911	12
9921	12
9931	12
9941	12
9951	12
9961	12
9971	12
9981	12
9991	12
10001	12
10011	12
10021	12
10031	12
10041	12
10051	12
10061	12
10071	12
10081	12
10091	12
10101	12
10111	12
10121	12
10131	12
10141	12
10151	12
10161	12
10171	12
10181	12
10191	12
10201	12
10211	12
10221	12
10231	12
10241	12
10251	12
10261	12
10271	12
10281	12
10291	12
10301	12
10311	12
10321	12
10331	12
10341	12
10351	12
10361	12
10371	12
10381	12
10391	12
10401	12
10411	12
10421	12
10431	12
10441	12
10451	12
10461	12
10471	12
10481	12
10491	12
10501	12
10511	12
10521	12
10531	12
10541	12
10551	12
10561	12
10571	12
10581	12
10591	12
10601	12
10611	12
10621	12
10631	12
10641	12
10651	12
10661	12
10671	12
10681	12
10691	12
10701	12
10711	12
10721	12
10731	12
10741	12
10751	12
10761	12
10771	12
10781	12
10791	12
10801	12
10811	12
10821	12
10831	12
10841	12
10851	12
10861	12
10871	12
10881	12
10891	12
10901	12
10911	12
10921	12
10931	12
10941	12
10951	12
10961	12
10971	12
10981	12
10991	12
11001	12
11011	12
11021	12
11031	12
11041	12
11051	12
11061	12
11071	12
11081	12
11091	12
11101	12
11111	12
11121	12
11131	12
11141	12
11151	12
11161	12
11171	12
11181	12
11191	12
11201	12
11211	12
11221	12
11231	12
11241	12
11251	12
11261	12
11271	12
11281	12
11291	12
11301	12
11311	12
11321	12
11331	12
11341	12
11351	12
11361	12
11371	12
11381	12
11391	12
11401	12
11411	12
11421	12
11431	12
11441	12
11451	12
11461	12
11471	12
11481	12
11491	12
11501	12
11511	12
11521	12
11531	12
11541	12
11551	12
11561	12
11571	12
11581	12
11591	12
11601	12
11611	12
11621	12
11631	12
11641	12
11651	12
11661	12
11671	12
11681	12
11691	12
11701	12
11711	12
11721	12
11731	12
11741	12
11751	12
11761	12
11771	12
11781	12
11791	12
11801	12
11811	12
11821	12
11831	12
11841	12
11851	12
11861	12
11871	12
11881	12
11891	12
11901	12
11911	12
11921	12
11931	12
11941	12
11951	12
11961	12
11971	12
11981	12
11991	12
12001	12
12011	12
12021	12
12031	12
1	1.26412
11	1.65149
21	1.88512
31	1.97022
41	1.99441
51	2.09655
61	2.30029
71	2.59748
81	2.7846
91	2.90212
101	2.97948
111	3.04634
121	3.14251
131	3.2984
141	3.48232
151	3.64021
161	3.82644
171	3.94669
181	4.03008
191	4.11575
201	4.21699
211	4.29975
221	4.50042
231	4.64985
241	4.75572
251	4.91736
261	5.03448
271	5.14912
281	5.28723
291	5.41172
301	5.50782
311	5.58191
321	5.64594
331	5.73578
341	5.84128
351	5.92603
361	5.95994
371	5.98298
381	5.99264
391	5.9962
401	5.99788
411	5.99866
421	5.9996
431	5.99981
441	5.99988
451	5.99988
461	5.99993
471	5.99997
481	5.99997
491	5.99997
501	5.99997
511	5.99997
521	5.99997
531	5.99997
541	5.99997
551	5.99997
561	5.99997
571	5.99997
581	5.99997
591	5.99997
601	5.99997
611	5.99997
1	1.2735
11	1.66395
21	1.91294
31	1.97065
41	1.99376
51	2.07764
61	2.23884
71	2.56273
81	2.76196
91	2.89694
101	2.96884
111	2.99959
121	3.06602
131	3.2468
141	3.39706
151	3.62964
161	3.83492
171	3.92288
181	3.95358
191	4.05693
201	4.09908
211	4.16661
221	4.38976
231	4.56067
241	4.68854
251	4.79852
261	4.87714
271	4.92818
281	4.98271
291	5.02734
301	5.10906
311	5.28607
321	5.46905
331	5.61669
341	5.78276
351	5.85881
361	5.91343
371	5.97006
381	6.01782
391	6.08895
401	6.22954
411	6.3438
421	6.46766
431	6.60548
441	6.6796
451	6.72811
461	6.79793
471	6.86461
481	6.90054
491	6.93724
501	6.9497
511	6.9575
521	6.97402
531	6.98645
541	6.99292
551	6.997
561	6.99901
571	6.99942
581	6.99966
591	6.99978
601	6.99989
611	6.99996
621	6.99996
631	6.99996
641	6.99996
651	6.99997
661	7.00846
1	1.26513
11	1.62829
21	1.88202
31	1.9695
41	1.99348
51	2.04276
61	2.24753
71	2.62093
81	2.80042
91	2.93252
101	2.9778
111	3.01818
121	3.07541
131	3.23368
141	3.47576
151	3.70043
161	3.85153
171	3.91101
181	3.95819
191	4.05524
201	4.12744
211	4.25282
221	4.39158
231	4.5334
241	4.63362
251	4.76258
261	4.85641
271	4.95959
281	5.10243
291	5.19981
301	5.31361
311	5.44332
321	5.54595
331	5.63448
341	5.78052
351	5.90012
361	5.96463
371	6.04742
381	6.11996
391	6.2029
401	6.29443
411	6.36814
421	6.45813
431	6.61438
441	6.73004
451	6.81693
461	6.95901
471	7.03428
481	7.10388
491	7.16539
501	7.21007
511	7.29889
521	7.40473
531	7.45699
541	7.58759
551	7.69117
561	7.74177
571	7.81994
581	7.88308
591	7.93854
601	7.99613
611	8.08908
621	8.14044
631	8.18461
641	8.20627
651	8.24766
661	8.31229
671	8.35952
681	8.43712
691	8.58011
701	8.66304
711	8.72766
721	8.78629
731	8.83319
741	8.91303
751	8.97934
761	9.03335
771	9.07567
781	9.14231
791	9.23394
801	9.28822
811	9.4045
821	9.44491
831	9.51046
841	9.54797
851	9.57031
861	9.59287
871	9.60984
881	9.62064
891	9.65052
901	9.67203
911	9.69891
921	9.7215
931	9.78458
941	9.83841
951	9.87536
961	9.90261
971	9.927
981	9.94327
991	9.95389
1001	9.95758
1011	9.96188
1021	9.96359
1031	9.9775
1041	9.98853
1051	9.99267
1061	9.99454
1071	9.99687
1081	9.99787
1091	9.99848
1101	9.99894
1111	9.99916
1121	9.99922
1131	9.99946
1141	9.99956
1151	9.99961
1161	9.99973
1171	9.99976
1181	9.99976
1191	9.99977
1201	9.99977
1211	9.99977
1221	9.99977
1231	9.99977
1241	9.9998
1251	9.99982
1261	9.99982
1271	9.99985
1281	9.99985
1291	9.99985
1301	9.99988
1311	9.99988
1321	9.99988
1331	9.99988
1341	9.99988
1351	9.99992
1361	9.99992
1371	9.99993
1381	9.99996
1391	9.99996
1401	9.99996
1411	9.99996
1421	9.99997
1431	9.99999
1441	9.99999
1451	9.99999
1461	9.99999
1471	9.99999
1481	9.99999
1491	9.99999
1501	9.99999
1511	9.99999
1521	9.99999
1531	9.99999
1541	9.99999
1551	9.99999
1561	9.99999
1571	9.99999
1	1.26758
11	1.64997
21	1.89853
31	1.97343
41	1.99567
51	2.09494
61	2.33794
71	2.70563
81	2.88322
91	2.95461
101	3.01226
111	3.07501
121	3.22198
131	3.48302
141	3.67802
151	3.8146
161	3.93738
171	4.02661
181	4.1014
191	4.21575
201	4.36758
211	4.51695
221	4.72772
231	4.88355
241	4.96743
251	5.03377
261	5.1358
271	5.23812
281	5.42753
291	5.55177
301	5.66281
311	5.80391
321	5.92246
331	6.00392
341	6.06735
351	6.16172
361	6.21965
371	6.33196
381	6.44359
391	6.5467
401	6.64558
411	6.77468
421	6.86104
431	6.98209
441	7.05781
451	7.14527
461	7.24578
471	7.34388
481	7.38862
491	7.46071
501	7.5086
511	7.59932
521	7.70068
531	7.79838
541	7.86814
551	7.90924
561	7.9435
571	7.96979
581	7.9882
591	7.99395
601	7.99601
611	7.99791
621	7.99801
631	7.99834
641	7.99898
651	7.99948
661	7.99955
671	7.99967
681	7.99988
691	7.99995
701	7.99995
711	7.99996
721	7.99997
731	7.99997
741	7.99997
