41
76
114
148
185
219
251
283
309
330
354
375
392
407
420
432
444
447
448
450
39
76
112
148
182
215
246
276
303
327
350
372
390
406
420
430
442
449
449
450
42
78
113
147
180
215
246
275
304
327
351
368
386
403
417
431
443
446
447
448
38
75
112
148
182
212
243
273
301
326
351
374
391
405
419
429
438
445
449
450
40
78
116
152
187
220
252
283
310
332
353
374
393
409
418
432
441
447
448
449
41
80
117
153
187
220
249
278
303
328
352
372
389
400
415
424
436
444
447
449
38
75
109
143
179
212
242
273
300
325
346
367
385
405
416
428
438
446
448
450
42
79
115
148
183
215
244
271
299
324
344
365
384
399
415
425
436
442
446
446
39
78
115
149
184
214
245
276
303
328
351
371
390
405
417
430
440
449
449
450
42
76
112
146
181
214
245
274
300
328
349
369
388
402
415
428
438
445
447
448
39
76
115
149
184
217
249
277
305
332
354
373
392
407
421
433
441
446
449
41
80
117
155
190
220
255
282
309
333
357
376
392
406
419
432
441
446
448
448
40
80
116
153
186
218
248
279
308
334
356
375
391
405
419
428
440
446
449
449
41
78
112
147
180
212
245
275
302
326
349
372
390
407
424
434
442
443
446
448
40
76
114
151
186
215
248
277
307
331
355
377
395
410
420
432
440
445
448
450
41
80
116
152
183
216
247
273
302
327
351
374
391
408
421
433
440
445
447
449
43
80
116
151
186
218
248
279
308
332
355
374
392
410
423
435
444
446
447
448
39
78
114
150
184
217
247
274
301
326
349
371
390
405
417
430
441
448
449
449
40
78
115
151
185
216
247
274
301
326
351
372
392
408
421
435
446
447
450
450
43
80
118
152
190
221
250
280
306
332
356
377
395
409
422
435
443
450
42
80
117
154
189
221
255
284
312
337
357
377
394
410
423
435
443
448
449
449
42
78
114
151
185
219
247
276
303
329
354
371
389
408
424
433
441
445
446
448
41
78
113
148
184
216
248
281
307
331
357
377
395
411
424
436
445
449
38
74
111
144
182
213
244
273
299
324
345
364
381
397
411
425
436
444
447
449
42
81
118
155
187
218
251
280
306
332
355
377
395
410
423
435
444
447
450
40
78
115
150
186
216
249
277
304
332
355
376
393
409
423
434
443
446
449
40
74
110
144
178
209
242
272
300
324
347
365
384
400
412
423
431
438
446
448
42
78
115
151
188
219
251
276
301
323
347
368
390
408
423
435
441
446
449
450
42
77
112
146
180
211
245
276
304
326
348
368
388
404
419
434
443
447
449
449
40
77
112
149
184
217
247
275
303
328
351
369
389
406
418
431
440
447
448
448
35
68
97
127
156
183
209
235
257
280
299
311
325
339
352
359
363
368
368
369
34
66
95
127
157
186
214
237
258
281
300
319
333
345
358
364
366
367
368
369
36
65
97
127
156
182
210
234
256
279
295
311
325
340
351
358
361
366
369
369
35
68
101
131
161
189
216
240
261
283
303
319
333
342
352
361
364
367
369
369
35
64
93
124
156
184
209
234
257
279
297
313
329
344
356
364
367
368
368
369
34
65
97
127
156
185
212
237
260
283
302
319
330
344
350
360
363
366
367
368
36
70
98
127
156
182
211
236
259
280
298
313
326
341
351
359
363
365
367
368
36
66
99
130
158
186
213
237
258
278
297
316
329
341
349
359
367
367
368
369
34
67
98
130
161
190
217
239
259
278
294
312
325
337
348
356
364
367
368
369
35
69
101
131
160
186
213
236
260
281
302
317
333
346
355
360
364
368
368
369
35
66
95
126
155
183
209
233
255
275
295
312
326
339
350
360
364
366
366
368
36
69
100
130
159
188
214
239
258
277
296
314
329
339
350
360
363
365
366
368
33
65
95
124
154
181
206
231
253
273
294
313
328
340
349
360
367
369
34
66
97
127
155
183
210
233
256
278
296
312
327
340
352
359
363
365
368
369
35
66
96
127
156
182
207
231
255
277
297
314
331
339
350
361
364
367
368
369
36
65
99
129
158
186
211
238
261
282
303
320
333
350
360
363
366
368
369
369
34
63
94
124
154
181
208
232
256
279
296
312
324
337
348
358
365
367
367
368
36
67
99
129
158
188
211
235
259
280
297
314
329
341
351
361
366
366
368
369
32
63
95
125
157
185
211
235
258
276
297
317
332
346
356
360
364
365
366
368
35
64
95
126
155
185
209
233
257
279
294
311
327
338
348
358
363
366
367
368
34
64
96
125
156
184
212
234
259
278
297
314
331
345
351
358
366
367
367
368
34
66
98
128
158
184
211
235
257
278
296
314
332
341
353
358
363
367
367
368
35
67
95
127
156
184
210
235
258
281
301
319
330
342
352
360
365
367
367
367
32
64
93
123
153
183
208
231
256
278
296
312
328
340
351
360
367
369
369
369
34
65
98
128
157
185
211
235
257
277
298
316
331
347
359
367
368
369
369
32
63
94
125
155
183
210
234
257
278
297
313
327
340
349
361
366
366
368
369
34
67
97
129
158
183
209
235
257
277
295
313
329
338
349
359
364
365
367
369
34
66
98
128
158
184
211
236
259
280
298
314
332
347
359
367
36
67
100
131
160
185
210
236
260
282
300
314
330
342
353
360
366
366
367
369
36
69
101
129
159
186
212
236
258
279
295
313
326
339
350
359
363
364
367
367
