1	24.1333
11	24.1333
21	24.1333
31	24.1333
41	24.1333
51	24.1333
61	24.1333
71	24.1333
81	24.1333
91	24.1333
101	24.1333
111	24.1333
121	24.1333
131	24.1333
141	24.1333
151	24.1333
161	24.1333
171	24.1333
181	24.1333
191	24.1333
201	24.1333
211	24.1333
221	24.1333
231	24.1333
241	24.1333
251	24.1333
261	24.1333
271	24.1333
281	24.1333
291	24.1333
301	24.1333
311	24.1333
321	24.1333
331	24.1333
341	24.1365
351	24.1468
361	24.1514
371	24.1561
381	24.1586
391	24.1608
401	24.1635
411	24.1724
421	24.1775
431	24.1802
441	24.1832
451	24.186
461	24.1898
471	24.2017
481	24.2076
491	24.2105
501	24.2113
511	24.2143
521	24.2152
531	24.2169
541	24.2181
551	24.2186
561	24.2208
571	24.2219
581	24.2229
591	24.224
601	24.2257
611	24.2266
621	24.2308
631	24.2366
641	24.2398
651	24.2442
661	24.2464
671	24.2487
681	24.2593
691	24.2673
701	24.277
711	24.2956
721	24.313
731	24.3284
741	24.3439
751	24.3569
761	24.3754
771	24.3951
781	24.4088
791	24.4221
801	24.4421
811	24.46
821	24.4701
831	24.4817
841	24.4908
851	24.4962
861	24.5026
871	24.5049
881	24.5081
891	24.5118
901	24.514
911	24.519
921	24.525
931	24.5313
941	24.5356
951	24.5397
961	24.5449
971	24.549
981	24.5649
991	24.5747
1001	24.5982
1011	24.6117
1021	24.6281
1031	24.6423
1041	24.6576
1051	24.6639
1061	24.6777
1071	24.6847
1081	24.6917
1091	24.6989
1101	24.7055
1111	24.707
1121	24.7086
1131	24.7105
1141	24.7178
1151	24.7215
1161	24.7256
1171	24.7365
1181	24.7412
1191	24.7438
1201	24.7475
1211	24.7539
1221	24.7621
1231	24.7685
1241	24.7814
1251	24.7865
1261	24.7919
1271	24.797
1281	24.8003
1291	24.8032
1301	24.8096
1311	24.8129
1321	24.8159
1331	24.8181
1341	24.8222
1351	24.8267
1361	24.8301
1371	24.8324
1381	24.8383
1391	24.8421
1401	24.844
1411	24.8457
1421	24.8504
1431	24.8538
1441	24.8646
1451	24.8704
1461	24.8735
1471	24.8762
1481	24.8764
1491	24.8767
1501	24.877
1511	24.8798
1521	24.8823
1531	24.883
1541	24.8849
1551	24.8869
1561	24.8876
1571	24.8898
1581	24.8907
1591	24.8911
1601	24.8914
1611	24.892
1621	24.8925
1631	24.8929
1641	24.8932
1651	24.8935
1661	24.8937
1671	24.8942
1681	24.8943
1691	24.9005
1701	24.9036
1711	24.9057
1721	24.9122
1731	24.9137
1741	24.9195
1751	24.9216
1761	24.9224
1771	24.9236
1781	24.9251
1791	24.9259
1801	24.9272
1811	24.9358
1821	24.9401
1831	24.9432
1841	24.9454
1851	24.9509
1861	24.9562
1871	24.9635
1881	24.9689
1891	24.9724
1901	24.9785
1911	24.9838
1921	24.9881
1931	25.002
1941	25.0111
1951	25.0177
1961	25.0329
1971	25.0369
1981	25.047
1991	25.0512
2001	25.0565
2011	25.0641
2021	25.0697
2031	25.0741
2041	25.0787
2051	25.0825
2061	25.0842
2071	25.0865
2081	25.0888
2091	25.0991
2101	25.1121
2111	25.1218
2121	25.1281
2131	25.1334
2141	25.1361
2151	25.1403
2161	25.1459
2171	25.1495
2181	25.1543
2191	25.159
2201	25.1653
2211	25.1751
2221	25.1837
2231	25.1972
2241	25.2083
2251	25.217
2261	25.2213
2271	25.227
2281	25.2336
2291	25.24
2301	25.2439
2311	25.2544
2321	25.26
2331	25.2662
2341	25.2744
2351	25.2818
2361	25.2869
2371	25.2998
2381	25.3055
2391	25.309
2401	25.3138
2411	25.3161
2421	25.3179
2431	25.3218
2441	25.3298
2451	25.3329
2461	25.3441
2471	25.3479
2481	25.3539
2491	25.3642
2501	25.368
2511	25.3716
2521	25.3745
2531	25.3773
2541	25.3804
2551	25.3841
2561	25.3927
2571	25.4017
2581	25.4045
2591	25.4153
2601	25.4198
2611	25.4271
2621	25.4313
2631	25.4341
2641	25.4417
2651	25.4458
2661	25.4483
2671	25.4509
2681	25.4582
2691	25.4796
2701	25.4865
2711	25.4911
2721	25.5012
2731	25.5109
2741	25.5168
2751	25.524
2761	25.5344
2771	25.5406
2781	25.5444
2791	25.5467
2801	25.5544
2811	25.5679
2821	25.576
2831	25.583
2841	25.59
2851	25.5981
2861	25.6019
2871	25.6048
2881	25.61
2891	25.6132
2901	25.6152
2911	25.6187
2921	25.6199
2931	25.621
2941	25.623
2951	25.6233
2961	25.6238
2971	25.6241
2981	25.6243
2991	25.6245
3001	25.6247
3011	25.6247
3021	25.625
3031	25.6252
3041	25.6307
3051	25.6349
3061	25.6449
3071	25.6495
3081	25.6571
3091	25.6604
3101	25.6694
3111	25.6729
3121	25.6754
3131	25.6842
3141	25.6893
3151	25.6954
3161	25.7014
3171	25.7051
3181	25.7115
3191	25.7138
3201	25.7172
3211	25.719
3221	25.7207
3231	25.7248
3241	25.7304
3251	25.7329
3261	25.7369
3271	25.7456
3281	25.7521
3291	25.757
3301	25.7698
3311	25.7761
3321	25.7875
3331	25.7991
3341	25.8083
3351	25.821
3361	25.8297
3371	25.8347
3381	25.8402
3391	25.8438
3401	25.8454
3411	25.8483
3421	25.8544
3431	25.8682
3441	25.8791
3451	25.888
3461	25.9039
3471	25.9126
3481	25.9176
3491	25.9261
3501	25.9305
3511	25.9397
3521	25.9533
3531	25.9582
3541	25.9669
3551	25.9774
3561	25.9938
3571	26.0142
3581	26.0301
3591	26.0455
3601	26.0551
3611	26.0695
3621	26.0824
3631	26.0899
3641	26.0949
3651	26.1037
3661	26.1164
3671	26.1291
3681	26.1363
3691	26.1435
3701	26.1551
3711	26.1596
3721	26.1641
3731	26.1685
3741	26.1715
3751	26.1755
3761	26.1806
3771	26.1839
3781	26.1851
3791	26.1865
3801	26.1871
3811	26.1874
3821	26.1885
3831	26.1939
3841	26.1975
3851	26.2021
3861	26.2048
3871	26.2075
3881	26.2156
3891	26.2235
3901	26.2356
3911	26.2443
3921	26.2496
3931	26.2515
3941	26.2551
3951	26.2599
3961	26.2632
3971	26.2673
3981	26.2717
3991	26.2748
4001	26.2771
4011	26.2851
4021	26.289
4031	26.2941
4041	26.3016
4051	26.3107
4061	26.3184
4071	26.3232
4081	26.3304
4091	26.3334
4101	26.3366
4111	26.3435
4121	26.3461
4131	26.3484
4141	26.3538
4151	26.3616
4161	26.3726
4171	26.373
4181	26.377
4191	26.3882
4201	26.3987
4211	26.4056
4221	26.4153
4231	26.4241
4241	26.4302
4251	26.4367
4261	26.4453
4271	26.4539
4281	26.4607
4291	26.4623
4301	26.4698
4311	26.478
4321	26.4851
4331	26.492
4341	26.4996
4351	26.5047
4361	26.5072
4371	26.5176
4381	26.5267
4391	26.5321
4401	26.5374
4411	26.539
4421	26.5416
4431	26.5445
4441	26.548
4451	26.5499
4461	26.5537
4471	26.5557
4481	26.5605
4491	26.5667
4501	26.57
4511	26.5826
4521	26.5937
4531	26.6057
4541	26.6218
4551	26.633
4561	26.6438
4571	26.6544
4581	26.6655
4591	26.6761
4601	26.6826
4611	26.6926
4621	26.7006
4631	26.7049
4641	26.7096
4651	26.716
4661	26.7202
4671	26.7303
4681	26.7345
4691	26.7382
4701	26.7445
4711	26.7463
4721	26.7548
4731	26.7627
4741	26.7772
4751	26.7889
4761	26.7986
4771	26.8071
4781	26.8132
4791	26.8177
4801	26.8218
4811	26.8291
4821	26.8403
4831	26.8467
4841	26.8612
4851	26.8733
4861	26.8812
4871	26.888
4881	26.8944
4891	26.9048
4901	26.9156
4911	26.9204
4921	26.9238
4931	26.9285
4941	26.9318
4951	26.9451
4961	26.9523
4971	26.9622
4981	26.9823
4991	27.009
5001	27.0247
5011	27.0409
5021	27.0547
5031	27.0577
5041	27.0678
5051	27.0741
5061	27.0791
5071	27.0858
5081	27.0923
5091	27.0984
5101	27.1023
5111	27.1065
5121	27.1108
5131	27.1145
5141	27.1179
5151	27.12
5161	27.122
5171	27.123
5181	27.1241
5191	27.1249
5201	27.1258
5211	27.1265
5221	27.1273
5231	27.1349
5241	27.1424
5251	27.1504
5261	27.1587
5271	27.1702
5281	27.1786
5291	27.1868
5301	27.1919
5311	27.1999
5321	27.2052
5331	27.2107
5341	27.2143
5351	27.2172
5361	27.2183
5371	27.2207
5381	27.2332
5391	27.2441
5401	27.2571
5411	27.2732
5421	27.2839
5431	27.2903
5441	27.2969
5451	27.3013
5461	27.3071
5471	27.3134
5481	27.3176
5491	27.3251
5501	27.3332
5511	27.3435
5521	27.3466
5531	27.3538
5541	27.3634
5551	27.3694
5561	27.3732
5571	27.3762
5581	27.3794
5591	27.3821
5601	27.3977
5611	27.4068
5621	27.414
5631	27.426
5641	27.4282
5651	27.4428
5661	27.4523
5671	27.4584
5681	27.465
5691	27.4707
5701	27.4756
5711	27.4814
5721	27.4835
5731	27.4895
5741	27.5011
5751	27.5112
5761	27.5198
5771	27.5391
5781	27.5494
5791	27.5621
5801	27.5769
5811	27.5837
5821	27.5896
5831	27.5972
5841	27.6015
5851	27.607
5861	27.6313
5871	27.6439
5881	27.6509
5891	27.6565
5901	27.6727
5911	27.6824
5921	27.6873
5931	27.692
5941	27.7074
5951	27.7158
5961	27.7349
5971	27.7509
5981	27.7632
5991	27.7733
6001	27.7818
6011	27.7882
6021	27.7934
6031	27.7976
6041	27.8002
6051	27.8038
6061	27.8072
6071	27.8102
6081	27.8128
6091	27.8149
6101	27.8171
6111	27.8188
6121	27.8244
6131	27.8284
6141	27.8346
6151	27.8394
6161	27.849
6171	27.8597
6181	27.8644
6191	27.8691
6201	27.8746
6211	27.8856
6221	27.8957
6231	27.9002
6241	27.9045
6251	27.9093
6261	27.9135
6271	27.9212
6281	27.9285
6291	27.9317
6301	27.9363
6311	27.9415
6321	27.9448
6331	27.9501
6341	27.9532
6351	27.9547
6361	27.956
6371	27.9563
6381	27.9566
6391	27.9568
6401	27.9572
6411	27.9573
6421	27.9576
6431	27.9593
6441	27.9604
6451	27.9612
6461	27.9628
6471	27.9634
6481	27.9685
6491	27.9748
6501	27.9894
6511	27.994
6521	27.9999
6531	28.0027
6541	28.01
6551	28.022
6561	28.0317
6571	28.0429
6581	28.0526
6591	28.0625
6601	28.0758
6611	28.083
6621	28.0871
6631	28.095
6641	28.1021
6651	28.1062
6661	28.1123
6671	28.1156
6681	28.123
6691	28.1296
6701	28.1347
6711	28.1419
6721	28.1535
6731	28.164
6741	28.1723
6751	28.1782
6761	28.1864
6771	28.1917
6781	28.1971
6791	28.2036
6801	28.2075
6811	28.2134
6821	28.2219
6831	28.2266
6841	28.2322
6851	28.2372
6861	28.2385
6871	28.2408
6881	28.2464
6891	28.2506
6901	28.253
6911	28.2556
6921	28.2602
6931	28.2647
6941	28.2725
6951	28.277
6961	28.2805
6971	28.2824
6981	28.2855
6991	28.286
7001	28.2875
7011	28.2881
7021	28.2887
7031	28.2905
7041	28.2916
7051	28.2919
7061	28.2925
7071	28.2938
7081	28.2948
7091	28.2957
7101	28.2959
7111	28.296
7121	28.2961
7131	28.2961
7141	28.2962
7151	28.2964
7161	28.2964
7171	28.2966
7181	28.2967
7191	28.2968
7201	28.2971
7211	28.2975
7221	28.2976
7231	28.2976
7241	28.2976
7251	28.2976
7261	28.2976
7271	28.3009
7281	28.3061
7291	28.3193
7301	28.3246
7311	28.3342
7321	28.3464
7331	28.3574
7341	28.3648
7351	28.3662
7361	28.3725
7371	28.3799
7381	28.3866
7391	28.3935
7401	28.3998
7411	28.4047
7421	28.4101
7431	28.4131
7441	28.4157
7451	28.4198
7461	28.4218
7471	28.4222
7481	28.4224
7491	28.4233
7501	28.4237
7511	28.4242
7521	28.4243
7531	28.4246
7541	28.4249
7551	28.4265
7561	28.4316
7571	28.4455
7581	28.4644
7591	28.4747
7601	28.4754
7611	28.4815
7621	28.4925
7631	28.5006
7641	28.5166
7651	28.5233
7661	28.53
7671	28.5374
7681	28.5483
7691	28.5528
7701	28.5625
7711	28.5686
7721	28.5734
7731	28.5775
7741	28.5842
7751	28.5937
7761	28.5993
7771	28.6034
7781	28.6059
7791	28.6139
7801	28.6326
7811	28.6436
7821	28.6525
7831	28.6623
7841	28.6729
7851	28.6812
7861	28.6858
7871	28.6923
7881	28.6964
7891	28.7044
7901	28.7195
7911	28.7262
7921	28.7322
7931	28.7367
7941	28.7406
7951	28.7437
7961	28.7473
7971	28.7475
7981	28.7501
7991	28.751
8001	28.752
8011	28.7526
8021	28.7536
8031	28.7538
8041	28.755
8051	28.7558
8061	28.7604
8071	28.7671
8081	28.7758
8091	28.7835
8101	28.788
8111	28.7928
8121	28.7986
8131	28.802
8141	28.8078
8151	28.8097
8161	28.8135
8171	28.8156
8181	28.8186
8191	28.8229
8201	28.8337
8211	28.8376
8221	28.847
8231	28.8549
8241	28.8596
8251	28.8653
8261	28.8677
8271	28.8738
8281	28.8778
8291	28.8804
8301	28.8829
8311	28.8853
8321	28.8912
8331	28.8929
8341	28.9008
8351	28.9143
8361	28.9208
8371	28.9295
8381	28.9345
8391	28.9375
8401	28.9399
8411	28.9442
8421	28.9466
8431	28.9497
8441	28.9578
8451	28.96
8461	28.9635
8471	28.9714
8481	28.9752
8491	28.9774
8501	28.9845
8511	28.9892
8521	28.9993
8531	29.0086
8541	29.0165
8551	29.025
8561	29.0296
8571	29.0339
8581	29.0339
8591	29.0343
8601	29.0354
8611	29.0381
8621	29.0415
8631	29.0455
8641	29.047
8651	29.0479
8661	29.0505
8671	29.0518
8681	29.0599
8691	29.075
8701	29.0933
8711	29.1061
8721	29.1204
8731	29.1343
8741	29.1454
8751	29.1521
8761	29.1577
8771	29.1725
8781	29.182
8791	29.1898
8801	29.1965
8811	29.2027
8821	29.2061
8831	29.2137
8841	29.2179
8851	29.2214
8861	29.224
8871	29.2284
8881	29.2314
8891	29.237
8901	29.2424
8911	29.2456
8921	29.2514
8931	29.2581
8941	29.2603
8951	29.2629
8961	29.2692
8971	29.2727
8981	29.2742
8991	29.2761
9001	29.2802
9011	29.2826
9021	29.2848
9031	29.2872
9041	29.2891
9051	29.2899
9061	29.2947
9071	29.3018
9081	29.3069
9091	29.3097
9101	29.3124
9111	29.3147
9121	29.3163
9131	29.319
9141	29.3209
9151	29.3218
9161	29.3224
9171	29.3275
9181	29.3305
9191	29.347
9201	29.3545
9211	29.3687
9221	29.3798
9231	29.386
9241	29.3933
9251	29.3982
9261	29.403
9271	29.4071
9281	29.4133
9291	29.4157
9301	29.4174
9311	29.4187
9321	29.4212
9331	29.4226
9341	29.4242
9351	29.4254
9361	29.4265
9371	29.4299
9381	29.4329
9391	29.4406
9401	29.4441
9411	29.4461
9421	29.4488
9431	29.4523
9441	29.4533
9451	29.4545
9461	29.4554
9471	29.4567
9481	29.4585
9491	29.4657
9501	29.4741
9511	29.4834
9521	29.4909
9531	29.4947
9541	29.5028
9551	29.5103
9561	29.5234
9571	29.534
9581	29.544
9591	29.5509
9601	29.5573
9611	29.5638
9621	29.5701
9631	29.5732
9641	29.5771
9651	29.5803
9661	29.5839
9671	29.5888
9681	29.595
9691	29.606
9701	29.618
9711	29.6246
9721	29.6321
9731	29.6378
9741	29.6469
9751	29.6538
9761	29.6639
9771	29.6699
9781	29.6757
9791	29.6834
9801	29.6855
9811	29.6875
9821	29.6911
9831	29.6952
9841	29.7001
9851	29.7046
9861	29.7112
9871	29.7129
9881	29.7153
9891	29.7173
9901	29.7195
9911	29.7214
9921	29.7231
9931	29.7236
9941	29.7244
9951	29.7251
9961	29.7255
9971	29.7258
9981	29.7268
9991	29.7285
10001	29.7424
10011	29.7505
10021	29.7567
10031	29.761
10041	29.7641
10051	29.7663
10061	29.771
10071	29.7762
10081	29.7789
10091	29.7823
10101	29.7848
10111	29.7927
10121	29.8057
10131	29.8182
10141	29.825
10151	29.8295
10161	29.8339
10171	29.8351
10181	29.8359
10191	29.8362
10201	29.8384
10211	29.8421
10221	29.845
10231	29.8477
10241	29.8494
10251	29.8526
10261	29.8614
10271	29.8672
10281	29.8712
10291	29.8737
10301	29.877
10311	29.8834
10321	29.8909
10331	29.9024
10341	29.91
10351	29.9205
10361	29.9302
10371	29.9348
10381	29.9397
10391	29.9434
10401	29.9529
10411	29.9557
10421	29.9601
10431	29.9643
10441	29.9682
10451	29.9704
10461	29.9751
10471	29.9786
10481	29.9808
10491	29.9834
10501	29.9861
10511	29.9876
10521	29.9935
10531	29.9982
10541	30.0042
10551	30.0064
10561	30.0113
10571	30.0127
10581	30.0146
10591	30.018
10601	30.0203
10611	30.0214
10621	30.0286
10631	30.0357
10641	30.0389
10651	30.042
10661	30.0444
10671	30.0461
10681	30.0499
10691	30.0508
10701	30.0523
10711	30.0555
10721	30.0574
10731	30.058
10741	30.0591
10751	30.06
10761	30.0608
10771	30.0659
10781	30.0677
10791	30.0737
10801	30.0762
10811	30.078
10821	30.0825
10831	30.085
10841	30.0873
10851	30.089
10861	30.0911
10871	30.0919
10881	30.0963
10891	30.1049
10901	30.1129
10911	30.1193
10921	30.1248
10931	30.1374
10941	30.1467
10951	30.1512
10961	30.1628
10971	30.1679
10981	30.1742
10991	30.1877
11001	30.1947
11011	30.1969
11021	30.2008
11031	30.2052
11041	30.2085
11051	30.2127
11061	30.2152
11071	30.2181
11081	30.2208
11091	30.2239
11101	30.2326
11111	30.2465
11121	30.2527
11131	30.2587
11141	30.2681
11151	30.2696
11161	30.2719
11171	30.2736
11181	30.2768
11191	30.2805
11201	30.2832
11211	30.2848
11221	30.2873
11231	30.2912
11241	30.3058
11251	30.3147
11261	30.3175
11271	30.321
11281	30.329
11291	30.3335
11301	30.337
11311	30.34
11321	30.3447
11331	30.3473
11341	30.3523
11351	30.3583
11361	30.362
11371	30.3704
11381	30.3724
11391	30.3763
11401	30.3817
11411	30.3846
11421	30.3898
11431	30.3945
11441	30.4007
11451	30.4052
11461	30.4093
11471	30.4124
11481	30.4156
11491	30.4179
11501	30.4206
11511	30.422
11521	30.4228
11531	30.4235
11541	30.4238
11551	30.4242
11561	30.425
11571	30.4279
11581	30.4348
11591	30.4375
11601	30.4489
11611	30.4585
11621	30.4653
11631	30.4697
11641	30.4788
11651	30.4887
11661	30.4973
11671	30.5085
11681	30.5155
11691	30.5235
11701	30.5315
11711	30.5367
11721	30.5412
11731	30.545
11741	30.5476
11751	30.5504
11761	30.5504
11771	30.5505
11781	30.5507
11791	30.5507
11801	30.5508
11811	30.5577
11821	30.5615
11831	30.5639
11841	30.5682
11851	30.5717
11861	30.5791
11871	30.5868
11881	30.5896
11891	30.5951
11901	30.5989
11911	30.6013
11921	30.6136
11931	30.6196
11941	30.6257
11951	30.6339
11961	30.6411
11971	30.6484
11981	30.6553
11991	30.6596
12001	30.6677
12011	30.6729
12021	30.6807
12031	30.6854
12041	30.6921
12051	30.7017
12061	30.7059
12071	30.7084
12081	30.7131
12091	30.7165
12101	30.7249
12111	30.73
12121	30.7423
12131	30.7468
12141	30.754
12151	30.7588
12161	30.7645
12171	30.7679
12181	30.7725
12191	30.7767
12201	30.7803
12211	30.781
12221	30.7824
12231	30.7835
12241	30.788
12251	30.791
12261	30.7957
12271	30.7998
12281	30.8036
12291	30.8058
12301	30.8099
12311	30.8145
12321	30.8167
12331	30.8235
12341	30.8272
12351	30.8324
12361	30.8419
12371	30.8472
12381	30.8482
12391	30.8504
12401	30.8598
12411	30.8651
12421	30.8683
12431	30.8723
12441	30.8752
12451	30.8782
12461	30.8818
12471	30.883
12481	30.8844
12491	30.8869
12501	30.8885
12511	30.8887
12521	30.8888
12531	30.8893
12541	30.8897
12551	30.8901
12561	30.8906
12571	30.891
12581	30.8918
12591	30.8924
12601	30.893
12611	30.8934
12621	30.8942
12631	30.8945
12641	30.895
12651	30.8955
12661	30.8956
12671	30.8962
12681	30.8965
12691	30.8968
12701	30.8972
12711	30.9022
12721	30.9076
12731	30.9101
12741	30.9149
12751	30.915
12761	30.9151
12771	30.9151
12781	30.9165
12791	30.9192
12801	30.9208
12811	30.9228
12821	30.9241
12831	30.9249
12841	30.9323
12851	30.9367
12861	30.9373
12871	30.9469
12881	30.9524
12891	30.9556
12901	27.4588
1	21.9332
11	21.9332
21	21.9332
31	21.9332
41	21.9332
51	21.9332
61	21.9332
71	21.9332
81	21.9332
91	21.9332
101	21.9332
111	21.9332
121	21.9332
131	21.9332
141	21.9332
151	21.9332
161	21.9332
171	21.9332
181	21.9332
191	21.9332
201	21.9332
211	21.9332
221	21.9332
231	21.9332
241	21.9332
251	21.9332
261	21.9332
271	21.9332
281	21.9332
291	21.9332
301	21.9332
311	21.9332
321	21.9332
331	21.9332
341	21.9332
351	21.9332
361	21.9332
371	21.9332
381	21.9332
391	21.9332
401	21.9332
411	21.9332
421	21.9332
431	21.9332
441	21.9332
451	21.9357
461	21.9375
471	21.9495
481	21.9571
491	21.9678
501	21.9721
511	21.9799
521	21.9878
531	21.9952
541	22.0027
551	22.011
561	22.0204
571	22.0269
581	22.0303
591	22.0381
601	22.0454
611	22.0533
621	22.0584
631	22.0628
641	22.0694
651	22.0717
661	22.074
671	22.0783
681	22.0812
691	22.0827
701	22.0861
711	22.0875
721	22.0885
731	22.0937
741	22.0999
751	22.109
761	22.1138
771	22.1193
781	22.1249
791	22.1276
801	22.136
811	22.1407
821	22.1433
831	22.1456
841	22.1484
851	22.1501
861	22.1522
871	22.1529
881	22.1534
891	22.1544
901	22.155
911	22.1555
921	22.157
931	22.1585
941	22.1592
951	22.1649
961	22.1701
971	22.1773
981	22.1941
991	22.201
1001	22.2128
1011	22.2243
1021	22.2324
1031	22.2393
1041	22.2472
1051	22.2542
1061	22.2625
1071	22.2684
1081	22.2719
1091	22.2749
1101	22.2776
1111	22.2835
1121	22.2884
1131	22.2938
1141	22.2968
1151	22.2998
1161	22.3055
1171	22.3094
1181	22.3118
1191	22.3156
1201	22.318
1211	22.3193
1221	22.322
1231	22.3231
1241	22.3246
1251	22.3252
1261	22.3259
1271	22.3293
1281	22.3317
1291	22.3345
1301	22.3415
1311	22.3449
1321	22.3488
1331	22.3558
1341	22.3626
1351	22.3722
1361	22.3775
1371	22.3839
1381	22.3897
1391	22.395
1401	22.4021
1411	22.4123
1421	22.4197
1431	22.4258
1441	22.431
1451	22.4349
1461	22.4376
1471	22.4485
1481	22.4519
1491	22.4565
1501	22.4633
1511	22.4667
1521	22.4711
1531	22.4738
1541	22.4779
1551	22.4841
1561	22.4902
1571	22.4942
1581	22.5015
1591	22.5115
1601	22.5198
1611	22.5293
1621	22.5349
1631	22.5442
1641	22.5482
1651	22.5517
1661	22.5615
1671	22.5664
1681	22.5692
1691	22.5727
1701	22.576
1711	22.5785
1721	22.5819
1731	22.5831
1741	22.5841
1751	22.5849
1761	22.5867
1771	22.5874
1781	22.5887
1791	22.5921
1801	22.5959
1811	22.6006
1821	22.6078
1831	22.6147
1841	22.6275
1851	22.6317
1861	22.6354
1871	22.6397
1881	22.6509
1891	22.6556
1901	22.6594
1911	22.6656
1921	22.6697
1931	22.6745
1941	22.6824
1951	22.6881
1961	22.6976
1971	22.7173
1981	22.732
1991	22.7463
2001	22.7553
2011	22.7632
2021	22.7725
2031	22.7789
2041	22.7847
2051	22.792
2061	22.7983
2071	22.8101
2081	22.8169
2091	22.8197
2101	22.8239
2111	22.8346
2121	22.8398
2131	22.8447
2141	22.8611
2151	22.8708
2161	22.8841
2171	22.8972
2181	22.9044
2191	22.9102
2201	22.9298
2211	22.9388
2221	22.9539
2231	22.9658
2241	22.9782
2251	22.9873
2261	22.9951
2271	23.0042
2281	23.0136
2291	23.0234
2301	23.0338
2311	23.041
2321	23.0485
2331	23.0537
2341	23.0621
2351	23.0667
2361	23.0735
2371	23.0809
2381	23.088
2391	23.0991
2401	23.1101
2411	23.1229
2421	23.133
2431	23.1454
2441	23.157
2451	23.1639
2461	23.1661
2471	23.1717
2481	23.1758
2491	23.1802
2501	23.1854
2511	23.1902
2521	23.1967
2531	23.2021
2541	23.2097
2551	23.2151
2561	23.2222
2571	23.2281
2581	23.237
2591	23.245
2601	23.2493
2611	23.255
2621	23.259
2631	23.2625
2641	23.2674
2651	23.2709
2661	23.273
2671	23.2746
2681	23.2793
2691	23.2862
2701	23.2944
2711	23.3018
2721	23.3074
2731	23.3116
2741	23.3185
2751	23.3256
2761	23.3299
2771	23.3344
2781	23.3377
2791	23.3398
2801	23.3431
2811	23.3467
2821	23.3478
2831	23.3479
2841	23.3486
2851	23.3491
2861	23.3495
2871	23.3497
2881	23.351
2891	23.3522
2901	23.3577
2911	23.3611
2921	23.3678
2931	23.3765
2941	23.3831
2951	23.3853
2961	23.3874
2971	23.3928
2981	23.3962
2991	23.4021
3001	23.4077
3011	23.4138
3021	23.4227
3031	23.4333
3041	23.4406
3051	23.4495
3061	23.4552
3071	23.4606
3081	23.4648
3091	23.4678
3101	23.4705
3111	23.4726
3121	23.4753
3131	23.483
3141	23.4872
3151	23.4981
3161	23.5088
3171	23.5151
3181	23.5216
3191	23.522
3201	23.522
3211	23.522
3221	23.5247
3231	23.5295
3241	23.5327
3251	23.5388
3261	23.5449
3271	23.5489
3281	23.5554
3291	23.5609
3301	23.5648
3311	23.5684
3321	23.5716
3331	23.5736
3341	23.5771
3351	23.5786
3361	23.5799
3371	23.5818
3381	23.5825
3391	23.5863
3401	23.5925
3411	23.5965
3421	23.5997
3431	23.6052
3441	23.614
3451	23.6241
3461	23.6395
3471	23.6504
3481	23.6629
3491	23.6724
3501	23.6766
3511	23.6825
3521	23.6901
3531	23.6946
3541	23.7038
3551	23.7097
3561	23.7175
3571	23.7239
3581	23.7285
3591	23.7315
3601	23.7363
3611	23.7434
3621	23.7503
3631	23.7617
3641	23.772
3651	23.7815
3661	23.7906
3671	23.8006
3681	23.8067
3691	23.8099
3701	23.815
3711	23.8218
3721	23.8256
3731	23.8293
3741	23.8341
3751	23.8369
3761	23.8407
3771	23.848
3781	23.8577
3791	23.8645
3801	23.8707
3811	23.8861
3821	23.8953
3831	23.9016
3841	23.9093
3851	23.9131
3861	23.9183
3871	23.9264
3881	23.931
3891	23.9348
3901	23.9421
3911	23.951
3921	23.9547
3931	23.9564
3941	23.9597
3951	23.962
3961	23.9644
3971	23.9667
3981	23.9694
3991	23.9729
4001	23.9807
4011	23.9949
4021	24.004
4031	24.0135
4041	24.0259
4051	24.0353
4061	24.0475
4071	24.0571
4081	24.0647
4091	24.0747
4101	24.0836
4111	24.0899
4121	24.0944
4131	24.0991
4141	24.1032
4151	24.1078
4161	24.1125
4171	24.1158
4181	24.1233
4191	24.127
4201	24.13
4211	24.1324
4221	24.1347
4231	24.1381
4241	24.1543
4251	24.1689
4261	24.1806
4271	24.1902
4281	24.1984
4291	24.2071
4301	24.21
4311	24.2136
4321	24.2156
4331	24.2218
4341	24.2265
4351	24.2303
4361	24.2369
4371	24.241
4381	24.2429
4391	24.246
4401	24.2531
4411	24.2565
4421	24.2634
4431	24.2654
4441	24.272
4451	24.2756
4461	24.2769
4471	24.2792
4481	24.2807
4491	24.2839
4501	24.2895
4511	24.2979
4521	24.3075
4531	24.3136
4541	24.3179
4551	24.3206
4561	24.3252
4571	24.3277
4581	24.3332
4591	24.3394
4601	24.3424
4611	24.3471
4621	24.3534
4631	24.3633
4641	24.3747
4651	24.3828
4661	24.3899
4671	24.3975
4681	24.4049
4691	24.4124
4701	24.4219
4711	24.4309
4721	24.4413
4731	24.4495
4741	24.4545
4751	24.4612
4761	24.4694
4771	24.4753
4781	24.4788
4791	24.4796
4801	24.4829
4811	24.487
4821	24.4944
4831	24.4986
4841	24.5021
4851	24.5067
4861	24.5111
4871	24.5163
4881	24.523
4891	24.527
4901	24.5301
4911	24.5338
4921	24.5375
4931	24.5414
4941	24.5435
4951	24.5452
4961	24.5485
4971	24.5504
4981	24.554
4991	24.5586
5001	24.5636
5011	24.5664
5021	24.5677
5031	24.5681
5041	24.5741
5051	24.5768
5061	24.579
5071	24.5811
5081	24.5829
5091	24.5836
5101	24.5864
5111	24.5874
5121	24.5884
5131	24.5947
5141	24.6079
5151	24.6114
5161	24.62
5171	24.6253
5181	24.6281
5191	24.6326
5201	24.6363
5211	24.6407
5221	24.6536
5231	24.6621
5241	24.6692
5251	24.6828
5261	24.6896
5271	24.6968
5281	24.7036
5291	24.7127
5301	24.7191
5311	24.7239
5321	24.7275
5331	24.7319
5341	24.7361
5351	24.7407
5361	24.7437
5371	24.7468
5381	24.749
5391	24.7521
5401	24.7529
5411	24.7541
5421	24.755
5431	24.7558
5441	24.7566
5451	24.7664
5461	24.7732
5471	24.7797
5481	24.7853
5491	24.7911
5501	24.808
5511	24.8146
5521	24.8229
5531	24.8323
5541	24.8399
5551	24.8459
5561	24.853
5571	24.8668
5581	24.8814
5591	24.8959
5601	24.9069
5611	24.9149
5621	24.9337
5631	24.9434
5641	24.9519
5651	24.9572
5661	24.9642
5671	24.9695
5681	24.9768
5691	24.9857
5701	24.9919
5711	24.9964
5721	25.0022
5731	25.0081
5741	25.0137
5751	25.0202
5761	25.0241
5771	25.0321
5781	25.0366
5791	25.039
5801	25.0425
5811	25.0454
5821	25.0516
5831	25.0573
5841	25.0632
5851	25.0666
5861	25.0771
5871	25.0879
5881	25.0984
5891	25.1086
5901	25.1186
5911	25.1302
5921	25.1379
5931	25.1437
5941	25.1521
5951	25.158
5961	25.1661
5971	25.1805
5981	25.1929
5991	25.2031
6001	25.2175
6011	25.2391
6021	25.2559
6031	25.2718
6041	25.2908
6051	25.2995
6061	25.3082
6071	25.3251
6081	25.3389
6091	25.3553
6101	25.3698
6111	25.38
6121	25.3866
6131	25.3963
6141	25.4021
6151	25.4086
6161	25.4166
6171	25.4206
6181	25.4269
6191	25.4365
6201	25.442
6211	25.4488
6221	25.4568
6231	25.4613
6241	25.4678
6251	25.4691
6261	25.4734
6271	25.476
6281	25.478
6291	25.4827
6301	25.4867
6311	25.4953
6321	25.5006
6331	25.5082
6341	25.515
6351	25.519
6361	25.5269
6371	25.5334
6381	25.5419
6391	25.5464
6401	25.5551
6411	25.5606
6421	25.5636
6431	25.5726
6441	25.5771
6451	25.58
6461	25.5849
6471	25.5914
6481	25.5924
6491	25.5974
6501	25.6025
6511	25.6077
6521	25.6154
6531	25.6201
6541	25.6241
6551	25.6325
6561	25.6373
6571	25.6442
6581	25.6517
6591	25.6567
6601	25.6617
6611	25.6676
6621	25.6706
6631	25.6724
6641	25.674
6651	25.6781
6661	25.6791
6671	25.6818
6681	25.6843
6691	25.6855
6701	25.6884
6711	25.6954
6721	25.6983
6731	25.7018
6741	25.7054
6751	25.7069
6761	25.7102
6771	25.7126
6781	25.7146
6791	25.7187
6801	25.7214
6811	25.723
6821	25.7235
6831	25.7251
6841	25.7258
6851	25.7278
6861	25.7282
6871	25.7295
6881	25.7299
6891	25.7302
6901	25.7311
6911	25.7312
6921	25.7315
6931	25.7322
6941	25.7324
6951	25.7325
6961	25.7326
6971	25.7327
6981	25.7387
6991	25.7448
7001	25.7532
7011	25.7583
7021	25.7653
7031	25.77
7041	25.7726
7051	25.775
7061	25.7794
7071	25.7812
7081	25.7869
7091	25.7914
7101	25.7984
7111	25.8017
7121	25.8031
7131	25.8051
7141	25.8095
7151	25.812
7161	25.8152
7171	25.8191
7181	25.821
7191	25.8236
7201	25.8251
7211	25.8265
7221	25.827
7231	25.8275
7241	25.8276
7251	25.8278
7261	25.8282
7271	25.8287
7281	25.8288
7291	25.8295
7301	25.8321
7311	25.8375
7321	25.844
7331	25.8495
7341	25.8546
7351	25.8566
7361	25.858
7371	25.8641
7381	25.868
7391	25.8703
7401	25.8756
7411	25.8787
7421	25.8799
7431	25.8837
7441	25.8856
7451	25.8866
7461	25.8914
7471	25.8955
7481	25.9041
7491	25.9091
7501	25.9164
7511	25.9264
7521	25.9324
7531	25.9397
7541	25.9466
7551	25.9509
7561	25.9588
7571	25.9637
7581	25.9669
7591	25.9707
7601	25.9784
7611	25.9881
7621	25.9961
7631	26.004
7641	26.0128
7651	26.0212
7661	26.0281
7671	26.0378
7681	26.043
7691	26.0488
7701	26.0606
7711	26.0695
7721	26.0821
7731	26.0907
7741	26.0978
7751	26.1037
7761	26.1108
7771	26.1211
7781	26.1327
7791	26.1418
7801	26.1476
7811	26.1526
7821	26.1586
7831	26.1653
7841	26.1727
7851	26.1773
7861	26.1818
7871	26.1889
7881	26.1933
7891	26.1958
7901	26.2005
7911	26.2037
7921	26.2059
7931	26.2107
7941	26.2138
7951	26.2158
7961	26.2172
7971	26.2184
7981	26.2195
7991	26.2206
8001	26.2221
8011	26.2258
8021	26.2331
8031	26.2378
8041	26.2406
8051	26.2435
8061	26.2516
8071	26.2575
8081	26.2612
8091	26.262
8101	26.2651
8111	26.2662
8121	26.2706
8131	26.2727
8141	26.2749
8151	26.28
8161	26.2819
8171	26.2836
8181	26.2857
8191	26.2877
8201	26.2885
8211	26.2901
8221	26.2908
8231	26.2925
8241	26.2933
8251	26.2937
8261	26.2946
8271	26.2981
8281	26.3001
8291	26.3067
8301	26.3101
8311	26.3146
8321	26.3193
8331	26.3246
8341	26.329
8351	26.3333
8361	26.3355
8371	26.3392
8381	26.3414
8391	26.3456
8401	26.3535
8411	26.358
8421	26.3616
8431	26.3683
8441	26.3714
8451	26.3761
8461	26.3783
8471	26.3804
8481	26.3832
8491	26.3849
8501	26.3861
8511	26.3887
8521	26.3902
8531	26.3907
8541	26.392
8551	26.3932
8561	26.399
8571	26.4012
8581	26.4029
8591	26.4085
8601	26.4115
8611	26.4128
8621	26.4155
8631	26.4209
8641	26.4249
8651	26.4298
8661	26.4336
8671	26.4362
8681	26.4411
8691	26.443
8701	26.4436
8711	26.444
8721	26.4454
8731	26.4469
8741	26.4484
8751	26.4517
8761	26.4531
8771	26.4539
8781	26.4552
8791	26.4566
8801	26.4575
8811	26.4589
8821	26.4589
8831	26.4598
8841	26.4602
8851	26.4603
8861	26.4605
8871	26.461
8881	26.4611
8891	26.4618
8901	26.4621
8911	26.4623
8921	26.4625
8931	26.4627
8941	26.463
8951	26.4634
8961	26.4636
8971	26.4638
8981	26.4643
8991	26.4645
9001	26.4669
9011	26.4733
9021	26.4772
9031	26.4791
9041	26.4847
9051	26.4889
9061	26.4916
9071	26.4972
9081	26.5018
9091	26.5044
9101	26.5089
9111	26.5104
9121	26.5133
9131	26.5169
9141	26.5215
9151	26.529
9161	26.5386
9171	26.5447
9181	26.5474
9191	26.5511
9201	26.5536
9211	26.558
9221	26.5674
9231	26.5721
9241	26.5733
9251	26.5762
9261	26.5789
9271	26.5803
9281	26.5849
9291	26.5868
9301	26.5881
9311	26.591
9321	26.5974
9331	26.602
9341	26.6038
9351	26.6069
9361	26.6093
9371	26.6138
9381	26.6234
9391	26.6296
9401	26.6345
9411	26.6413
9421	26.653
9431	26.6568
9441	26.6687
9451	26.678
9461	26.6874
9471	26.699
9481	26.707
9491	26.7162
9501	26.7239
9511	26.7357
9521	26.7428
9531	26.7505
9541	26.7582
9551	26.7624
9561	26.7637
9571	26.7656
9581	26.7671
9591	26.7681
9601	26.7702
9611	26.7731
9621	26.7758
9631	26.7781
9641	26.7805
9651	26.7831
9661	26.7924
9671	26.7998
9681	26.8085
9691	26.815
9701	26.8222
9711	26.8286
9721	26.8314
9731	26.8347
9741	26.8391
9751	26.8413
9761	26.8444
9771	26.8467
9781	26.8476
9791	26.8511
9801	26.8586
9811	26.8635
9821	26.8654
9831	26.8685
9841	26.8764
9851	26.8824
9861	26.8895
9871	26.8931
9881	26.8987
9891	26.9058
9901	26.914
9911	26.9183
9921	26.9195
9931	26.9213
9941	26.9244
9951	26.9277
9961	26.9317
9971	26.9369
9981	26.9399
9991	26.9424
10001	26.9447
10011	26.9476
10021	26.9547
10031	26.9599
10041	26.9647
10051	26.9717
10061	26.9762
10071	26.98
10081	26.9892
10091	26.9948
10101	26.9973
10111	27.0011
10121	27.008
10131	27.0197
10141	27.0321
10151	27.0389
10161	27.0444
10171	27.05
10181	27.0535
10191	27.06
10201	27.0668
10211	27.0711
10221	27.0822
10231	27.0897
10241	27.0941
10251	27.1011
10261	27.1049
10271	27.1082
10281	27.1161
10291	27.1209
10301	27.1236
10311	27.1265
10321	27.1289
10331	27.1311
10341	27.1367
10351	27.1409
10361	27.1484
10371	27.1546
10381	27.1588
10391	27.1626
10401	27.1662
10411	27.1679
10421	27.17
10431	27.1721
10441	27.1733
10451	27.1762
10461	27.1777
10471	27.1802
10481	27.1821
10491	27.1837
10501	27.1896
10511	27.1938
10521	27.1972
10531	27.1988
10541	27.2015
10551	27.2043
10561	27.2121
10571	27.218
10581	27.2231
10591	27.2271
10601	27.2323
10611	27.2361
10621	27.2418
10631	27.2534
10641	27.2623
10651	27.267
10661	27.2722
10671	27.2763
10681	27.279
10691	27.2831
10701	27.2907
10711	27.2935
10721	27.2989
10731	27.3024
10741	27.3081
10751	27.3139
10761	27.3239
10771	27.3294
10781	27.3325
10791	27.3352
10801	27.3369
10811	27.3386
10821	27.3406
10831	27.3417
10841	27.3447
10851	27.3473
10861	27.3489
10871	27.3507
10881	27.3526
10891	27.3542
10901	27.3555
10911	27.3562
10921	27.3572
10931	27.3583
10941	27.3594
10951	27.3596
10961	27.3601
10971	27.3606
10981	27.3609
10991	27.3615
11001	27.3624
11011	27.363
11021	27.3638
11031	27.3639
11041	27.3641
11051	27.3643
11061	27.3647
11071	27.365
11081	27.3651
11091	27.3653
11101	27.3654
11111	27.3654
11121	27.3678
11131	27.37
11141	27.3782
11151	27.3824
11161	27.3874
11171	27.3938
11181	27.3982
11191	27.4035
11201	27.4069
11211	27.4096
11221	27.4119
11231	27.4155
11241	27.4171
11251	27.4214
11261	27.4322
11271	27.4393
11281	27.452
11291	27.4601
11301	27.4691
11311	27.4777
11321	27.4899
11331	27.5017
11341	27.5115
11351	27.5207
11361	27.5316
11371	27.538
11381	27.5461
11391	27.5499
11401	27.5558
11411	27.5587
11421	27.5634
11431	27.5681
11441	27.5722
11451	27.575
11461	27.5783
11471	27.5806
11481	27.5831
11491	27.5883
11501	27.5929
11511	27.6002
11521	27.6079
11531	27.6134
11541	27.6207
11551	27.6278
11561	27.6313
11571	27.6341
11581	27.6382
11591	27.6407
11601	27.6448
11611	27.6478
11621	27.6498
11631	27.6516
11641	27.6526
11651	27.6541
11661	27.6547
11671	27.6563
11681	27.6574
11691	27.6583
11701	27.6641
11711	27.6675
11721	27.6737
11731	27.6772
11741	27.6795
11751	27.6806
11761	27.6812
11771	27.6813
11781	27.6818
11791	27.686
11801	27.6878
11811	27.6888
11821	27.6906
11831	27.6938
11841	27.6971
11851	27.7014
11861	27.7111
11871	27.7203
11881	27.7236
11891	27.73
11901	27.7356
11911	27.7401
11921	27.7433
11931	27.7454
11941	27.7561
11951	27.7666
11961	27.7747
11971	27.7847
11981	27.7932
11991	27.8025
12001	27.8083
12011	27.8215
12021	27.8298
12031	27.8418
12041	27.8493
12051	27.8548
12061	27.8619
12071	27.8677
12081	27.8708
12091	27.8755
12101	27.8787
12111	27.8809
12121	27.8835
12131	27.885
12141	27.8856
12151	27.8868
12161	27.8875
12171	27.8887
12181	27.89
12191	27.8913
12201	27.8923
12211	27.8954
12221	27.9018
12231	27.9111
12241	27.9274
12251	27.935
12261	27.9469
12271	27.9573
12281	27.963
12291	27.9761
12301	27.9842
12311	27.9875
12321	27.9961
12331	28.0012
12341	28.0037
12351	28.0086
12361	28.0162
12371	28.0226
12381	28.0249
12391	28.0337
12401	28.0401
12411	28.0438
12421	28.0521
12431	28.0576
12441	28.0615
12451	28.0683
12461	28.0723
12471	28.0755
12481	28.0785
12491	28.081
12501	28.0821
12511	28.0833
12521	28.085
12531	28.0864
12541	28.0877
12551	28.0888
12561	28.0899
12571	28.0906
12581	28.0912
12591	28.0948
12601	28.1042
12611	28.1146
12621	28.1181
12631	28.1253
12641	28.1303
12651	28.1334
12661	28.1381
12671	28.1435
12681	28.1515
12691	28.1581
12701	28.1617
12711	28.1661
12721	28.1692
12731	28.1709
12741	28.1717
12751	28.1719
12761	28.1723
12771	28.1726
12781	28.1755
12791	28.1788
12801	28.1816
12811	28.183
12821	28.189
12831	28.1934
12841	28.2022
12851	28.2155
12861	28.2294
12871	28.238
12881	28.2479
12891	28.2572
12901	28.2614
1	21.9666
11	21.9666
21	21.9666
31	21.9666
41	21.9666
51	21.9666
61	21.9666
71	21.9666
81	21.9666
91	21.9666
101	21.9666
111	21.9666
121	21.9666
131	21.9666
141	21.9666
151	21.9666
161	21.9666
171	21.9666
181	21.9666
191	21.9666
201	21.9666
211	21.9666
221	21.9666
231	21.9666
241	21.9666
251	21.9666
261	21.9666
271	21.9666
281	21.9666
291	21.9666
301	21.9666
311	21.9666
321	21.9666
331	21.9666
341	21.9666
351	21.9666
361	21.9666
371	21.9666
381	21.9666
391	21.9666
401	21.9666
411	21.9666
421	21.9666
431	21.9666
441	21.9711
451	21.9729
461	21.975
471	21.98
481	21.9829
491	21.9871
501	21.9924
511	21.9973
521	22.0005
531	22.0059
541	22.0103
551	22.0121
561	22.0143
571	22.0171
581	22.0215
591	22.0262
601	22.0309
611	22.0374
621	22.0459
631	22.0611
641	22.077
651	22.0875
661	22.0979
671	22.1066
681	22.1126
691	22.1196
701	22.13
711	22.1371
721	22.1432
731	22.1534
741	22.1573
751	22.1607
761	22.1649
771	22.1675
781	22.1699
791	22.1724
801	22.179
811	22.1919
821	22.2046
831	22.2125
841	22.2224
851	22.2327
861	22.2396
871	22.243
881	22.2487
891	22.2555
901	22.263
911	22.2673
921	22.2713
931	22.2752
941	22.2769
951	22.28
961	22.283
971	22.2873
981	22.2921
991	22.2975
1001	22.3022
1011	22.3125
1021	22.3181
1031	22.3217
1041	22.3275
1051	22.3345
1061	22.3417
1071	22.3476
1081	22.3541
1091	22.3585
1101	22.3634
1111	22.3657
1121	22.3678
1131	22.3714
1141	22.3747
1151	22.3777
1161	22.3796
1171	22.3817
1181	22.3902
1191	22.3959
1201	22.4065
1211	22.4122
1221	22.416
1231	22.4207
1241	22.4234
1251	22.4277
1261	22.4324
1271	22.4375
1281	22.4402
1291	22.4443
1301	22.4524
1311	22.4577
1321	22.4606
1331	22.4653
1341	22.4759
1351	22.4809
1361	22.4834
1371	22.4905
1381	22.4997
1391	22.505
1401	22.5102
1411	22.5189
1421	22.5243
1431	22.5289
1441	22.5337
1451	22.5375
1461	22.5408
1471	22.5451
1481	22.5465
1491	22.5472
1501	22.5481
1511	22.5486
1521	22.5517
1531	22.5545
1541	22.5616
1551	22.5731
1561	22.5797
1571	22.5859
1581	22.5911
1591	22.595
1601	22.6006
1611	22.6039
1621	22.6075
1631	22.609
1641	22.6137
1651	22.6163
1661	22.6172
1671	22.6233
1681	22.6268
1691	22.6312
1701	22.6346
1711	22.6417
1721	22.6451
1731	22.6483
1741	22.6518
1751	22.6595
1761	22.6648
1771	22.6678
1781	22.6733
1791	22.6784
1801	22.6823
1811	22.6915
1821	22.6968
1831	22.6999
1841	22.7032
1851	22.7041
1861	22.7043
1871	22.7066
1881	22.7096
1891	22.7119
1901	22.7135
1911	22.716
1921	22.7175
1931	22.719
1941	22.7221
1951	22.7279
1961	22.7332
1971	22.7426
1981	22.7486
1991	22.7531
2001	22.7586
2011	22.7622
2021	22.7675
2031	22.7807
2041	22.7878
2051	22.7919
2061	22.7979
2071	22.801
2081	22.8048
2091	22.8083
2101	22.8087
2111	22.8094
2121	22.8107
2131	22.813
2141	22.8143
2151	22.8166
2161	22.8192
2171	22.8205
2181	22.8221
2191	22.8237
2201	22.8246
2211	22.8253
2221	22.8258
2231	22.8262
2241	22.8265
2251	22.8293
2261	22.8357
2271	22.8461
2281	22.8524
2291	22.8617
2301	22.8705
2311	22.8813
2321	22.8956
2331	22.902
2341	22.9091
2351	22.9175
2361	22.9262
2371	22.9383
2381	22.9476
2391	22.9564
2401	22.9658
2411	22.9757
2421	22.9845
2431	22.9909
2441	22.9963
2451	23.0004
2461	23.0058
2471	23.0107
2481	23.0163
2491	23.0202
2501	23.0243
2511	23.0302
2521	23.0413
2531	23.0466
2541	23.0522
2551	23.0631
2561	23.0727
2571	23.0787
2581	23.081
2591	23.086
2601	23.0899
2611	23.0912
2621	23.0967
2631	23.1001
2641	23.1028
2651	23.1115
2661	23.1208
2671	23.1259
2681	23.1366
2691	23.1479
2701	23.1509
2711	23.1544
2721	23.1589
2731	23.163
2741	23.1671
2751	23.1694
2761	23.1746
2771	23.1779
2781	23.1793
2791	23.1812
2801	23.1828
2811	23.1862
2821	23.1904
2831	23.1921
2841	23.1965
2851	23.1997
2861	23.2047
2871	23.2081
2881	23.2101
2891	23.2129
2901	23.2194
2911	23.2252
2921	23.2306
2931	23.2402
2941	23.2429
2951	23.2464
2961	23.2536
2971	23.2589
2981	23.2619
2991	23.2667
3001	23.2712
3011	23.2735
3021	23.2764
3031	23.2791
3041	23.2811
3051	23.2847
3061	23.2883
3071	23.2954
3081	23.2985
3091	23.3051
3101	23.3092
3111	23.3118
3121	23.3147
3131	23.3169
3141	23.3185
3151	23.3212
3161	23.3227
3171	23.3271
3181	23.3378
3191	23.3472
3201	23.3567
3211	23.3654
3221	23.3725
3231	23.3785
3241	23.3854
3251	23.3943
3261	23.4042
3271	23.4101
3281	23.4175
3291	23.4335
3301	23.4463
3311	23.4511
3321	23.4569
3331	23.4645
3341	23.4687
3351	23.475
3361	23.4816
3371	23.4869
3381	23.4927
3391	23.4985
3401	23.5031
3411	23.5071
3421	23.5154
3431	23.5189
3441	23.5247
3451	23.528
3461	23.5342
3471	23.5376
3481	23.5392
3491	23.5417
3501	23.5437
3511	23.5455
3521	23.5491
3531	23.5553
3541	23.5643
3551	23.5704
3561	23.5715
3571	23.5797
3581	23.5854
3591	23.5902
3601	23.594
3611	23.5996
3621	23.6063
3631	23.6133
3641	23.6303
3651	23.6435
3661	23.6524
3671	23.6595
3681	23.6745
3691	23.6879
3701	23.7021
3711	23.7152
3721	23.7248
3731	23.7355
3741	23.7503
3751	23.7602
3761	23.7697
3771	23.7773
3781	23.7853
3791	23.7922
3801	23.7947
3811	23.7999
3821	23.8027
3831	23.8072
3841	23.8118
3851	23.8166
3861	23.8232
3871	23.8277
3881	23.8374
3891	23.8454
3901	23.8515
3911	23.8577
3921	23.8645
3931	23.8668
3941	23.8687
3951	23.8755
3961	23.8802
3971	23.883
3981	23.8897
3991	23.8932
4001	23.8961
4011	23.9019
4021	23.905
4031	23.9152
4041	23.921
4051	23.9263
4061	23.9303
4071	23.9337
4081	23.9366
4091	23.9394
4101	23.9407
4111	23.9437
4121	23.9468
4131	23.9478
4141	23.9498
4151	23.9515
4161	23.9528
4171	23.9546
4181	23.9551
4191	23.956
4201	23.9566
4211	23.9569
4221	23.9577
4231	23.9625
4241	23.9715
4251	23.9802
4261	23.9926
4271	24.0003
4281	24.0091
4291	24.013
4301	24.0175
4311	24.0198
4321	24.0216
4331	24.0275
4341	24.0317
4351	24.035
4361	24.0419
4371	24.044
4381	24.0464
4391	24.0495
4401	24.054
4411	24.0565
4421	24.0638
4431	24.0677
4441	24.069
4451	24.0709
4461	24.0749
4471	24.0824
4481	24.0912
4491	24.0968
4501	24.1025
4511	24.1174
4521	24.1271
4531	24.1354
4541	24.1444
4551	24.1526
4561	24.159
4571	24.1695
4581	24.1751
4591	24.1824
4601	24.1905
4611	24.1952
4621	24.201
4631	24.2154
4641	24.2266
4651	24.2397
4661	24.2435
4671	24.2503
4681	24.2599
4691	24.2715
4701	24.277
4711	24.2857
4721	24.2909
4731	24.2951
4741	24.3008
4751	24.3061
4761	24.3091
4771	24.3189
4781	24.3266
4791	24.3355
4801	24.3422
4811	24.3522
4821	24.3605
4831	24.3681
4841	24.3782
4851	24.3841
4861	24.3882
4871	24.3953
4881	24.4
4891	24.4097
4901	24.4146
4911	24.4203
4921	24.4242
4931	24.4258
4941	24.4293
4951	24.4308
4961	24.4331
4971	24.4378
4981	24.4415
4991	24.4503
5001	24.459
5011	24.4681
5021	24.4746
5031	24.4773
5041	24.4853
5051	24.4964
5061	24.5061
5071	24.5121
5081	24.5175
5091	24.5215
5101	24.5273
5111	24.5345
5121	24.542
5131	24.5484
5141	24.5531
5151	24.5589
5161	24.562
5171	24.5635
5181	24.5667
5191	24.5703
5201	24.5753
5211	24.5847
5221	24.5909
5231	24.5957
5241	24.6012
5251	24.6059
5261	24.6107
5271	24.6184
5281	24.6292
5291	24.6365
5301	24.644
5311	24.6509
5321	24.6551
5331	24.6615
5341	24.6738
5351	24.6833
5361	24.6906
5371	24.6988
5381	24.7079
5391	24.7112
5401	24.715
5411	24.718
5421	24.7233
5431	24.7288
5441	24.732
5451	24.7355
5461	24.7389
5471	24.7464
5481	24.7565
5491	24.7646
5501	24.775
5511	24.7852
5521	24.79
5531	24.7982
5541	24.8084
5551	24.816
5561	24.8217
5571	24.8265
5581	24.8305
5591	24.8351
5601	24.8439
5611	24.8521
5621	24.8589
5631	24.8626
5641	24.8651
5651	24.8693
5661	24.8717
5671	24.875
5681	24.8765
5691	24.878
5701	24.8811
5711	24.8824
5721	24.8838
5731	24.8852
5741	24.8869
5751	24.8908
5761	24.9031
5771	24.9131
5781	24.9302
5791	24.9363
5801	24.9426
5811	24.9489
5821	24.9538
5831	24.9593
5841	24.9679
5851	24.9732
5861	24.9856
5871	24.9945
5881	24.9975
5891	25.0016
5901	25.0085
5911	25.0119
5921	25.0178
5931	25.0257
5941	25.0344
5951	25.0448
5961	25.0575
5971	25.0724
5981	25.0883
5991	25.1055
6001	25.1157
6011	25.1289
6021	25.1417
6031	25.1515
6041	25.1585
6051	25.1659
6061	25.1729
6071	25.1821
6081	25.1941
6091	25.2081
6101	25.2222
6111	25.2313
6121	25.2385
6131	25.2437
6141	25.2464
6151	25.2509
6161	25.2533
6171	25.2587
6181	25.2651
6191	25.2699
6201	25.2731
6211	25.2759
6221	25.2775
6231	25.2799
6241	25.288
6251	25.2912
6261	25.298
6271	25.3025
6281	25.3046
6291	25.3073
6301	25.3105
6311	25.312
6321	25.316
6331	25.3184
6341	25.3197
6351	25.3217
6361	25.3221
6371	25.3229
6381	25.3235
6391	25.3237
6401	25.3241
6411	25.3247
6421	25.3251
6431	25.3254
6441	25.3257
6451	25.3259
6461	25.3309
6471	25.3379
6481	25.3429
6491	25.3475
6501	25.3497
6511	25.3549
6521	25.3581
6531	25.3661
6541	25.3705
6551	25.3731
6561	25.377
6571	25.3793
6581	25.3809
6591	25.3848
6601	25.3868
6611	25.3882
6621	25.3885
6631	25.39
6641	25.3905
6651	25.3909
6661	25.3915
6671	25.3918
6681	25.392
6691	25.3948
6701	25.3998
6711	25.4029
6721	25.4089
6731	25.4165
6741	25.4233
6751	25.4329
6761	25.4387
6771	25.4462
6781	25.4538
6791	25.458
6801	25.4651
6811	25.4714
6821	25.4741
6831	25.477
6841	25.4803
6851	25.4824
6861	25.4846
6871	25.4852
6881	25.4868
6891	25.488
6901	25.4884
6911	25.489
6921	25.4901
6931	25.4908
6941	25.4926
6951	25.494
6961	25.497
6971	25.5007
6981	25.5077
6991	25.5165
7001	25.5205
7011	25.5267
7021	25.5326
7031	25.5391
7041	25.5488
7051	25.5567
7061	25.5605
7071	25.5647
7081	25.5705
7091	25.5759
7101	25.5836
7111	25.5911
7121	25.6033
7131	25.6095
7141	25.6147
7151	25.6199
7161	25.6255
7171	25.6314
7181	25.6379
7191	25.6492
7201	25.6613
7211	25.6757
7221	25.6832
7231	25.6886
7241	25.6957
7251	25.7035
7261	25.716
7271	25.7314
7281	25.7436
7291	25.7541
7301	25.767
7311	25.7751
7321	25.7828
7331	25.7956
7341	25.8017
7351	25.805
7361	25.8074
7371	25.8103
7381	25.8148
7391	25.8191
7401	25.8257
7411	25.8294
7421	25.833
7431	25.8374
7441	25.8415
7451	25.8518
7461	25.8651
7471	25.8803
7481	25.8879
7491	25.9005
7501	25.9137
7511	25.9222
7521	25.9294
7531	25.9396
7541	25.947
7551	25.9559
7561	25.9683
7571	25.9763
7581	25.9819
7591	25.9889
7601	25.9912
7611	25.9929
7621	25.9941
7631	25.9984
7641	26.0047
7651	26.0138
7661	26.0192
7671	26.0226
7681	26.0276
7691	26.0326
7701	26.0363
7711	26.0401
7721	26.0441
7731	26.0502
7741	26.0553
7751	26.0586
7761	26.0649
7771	26.0682
7781	26.0695
7791	26.0728
7801	26.0745
7811	26.0759
7821	26.0821
7831	26.0879
7841	26.0942
7851	26.0973
7861	26.1003
7871	26.1024
7881	26.1062
7891	26.1077
7901	26.1132
7911	26.1221
7921	26.1251
7931	26.1302
7941	26.1335
7951	26.1387
7961	26.1412
7971	26.1506
7981	26.1557
7991	26.1629
8001	26.1715
8011	26.1768
8021	26.1825
8031	26.1896
8041	26.1996
8051	26.2117
8061	26.2243
8071	26.2381
8081	26.2479
8091	26.2573
8101	26.2655
8111	26.2762
8121	26.2831
8131	26.2899
8141	26.2952
8151	26.2985
8161	26.301
8171	26.3085
8181	26.3159
8191	26.3215
8201	26.3253
8211	26.3287
8221	26.3314
8231	26.333
8241	26.3386
8251	26.3415
8261	26.3428
8271	26.3446
8281	26.3488
8291	26.3522
8301	26.3628
8311	26.3686
8321	26.375
8331	26.3827
8341	26.3866
8351	26.3907
8361	26.3931
8371	26.3967
8381	26.4018
8391	26.4053
8401	26.4139
8411	26.4212
8421	26.4303
8431	26.4371
8441	26.4513
8451	26.4628
8461	26.4741
8471	26.4863
8481	26.4961
8491	26.5038
8501	26.5118
8511	26.5258
8521	26.5443
8531	26.5638
8541	26.5796
8551	26.5911
8561	26.6021
8571	26.6104
8581	26.6169
8591	26.6224
8601	26.6299
8611	26.6356
8621	26.642
8631	26.6492
8641	26.655
8651	26.6603
8661	26.6659
8671	26.6691
8681	26.6726
8691	26.6755
8701	26.6772
8711	26.6794
8721	26.6817
8731	26.6837
8741	26.6861
8751	26.6876
8761	26.6884
8771	26.6901
8781	26.6909
8791	26.6918
8801	26.6929
8811	26.6939
8821	26.6939
8831	26.6942
8841	26.6945
8851	26.6946
8861	26.6947
8871	26.6948
8881	26.695
8891	26.6952
8901	26.6956
8911	26.696
8921	26.6984
8931	26.7032
8941	26.7057
8951	26.7072
8961	26.7101
8971	26.7122
8981	26.7137
8991	26.7177
9001	26.7193
9011	26.7209
9021	26.721
9031	26.7225
9041	26.7282
9051	26.7356
9061	26.7478
9071	26.7686
9081	26.7806
9091	26.7865
9101	26.7969
9111	26.8039
9121	26.8107
9131	26.8251
9141	26.8326
9151	26.8396
9161	26.8473
9171	26.8548
9181	26.8599
9191	26.8678
9201	26.8738
9211	26.8821
9221	26.8874
9231	26.893
9241	26.8981
9251	26.9018
9261	26.9055
9271	26.9091
9281	26.912
9291	26.9141
9301	26.9177
9311	26.9193
9321	26.9214
9331	26.9259
9341	26.9302
9351	26.9333
9361	26.9381
9371	26.9405
9381	26.9429
9391	26.9449
9401	26.9462
9411	26.9472
9421	26.9501
9431	26.9521
9441	26.9539
9451	26.9548
9461	26.9552
9471	26.9563
9481	26.9572
9491	26.958
9501	26.9586
9511	26.9597
9521	26.9602
9531	26.961
9541	26.9637
9551	26.9652
9561	26.9678
9571	26.9699
9581	26.9777
9591	26.9829
9601	26.9903
9611	27.0001
9621	27.0071
9631	27.0169
9641	27.0293
9651	27.0434
9661	27.0505
9671	27.0584
9681	27.0638
9691	27.0672
9701	27.0726
9711	27.0773
9721	27.0816
9731	27.0905
9741	27.0964
9751	27.1007
9761	27.1043
9771	27.1068
9781	27.1088
9791	27.112
9801	27.1129
9811	27.1131
9821	27.1188
9831	27.1226
9841	27.1245
9851	27.1277
9861	27.131
9871	27.1342
9881	27.1397
9891	27.143
9901	27.1482
9911	27.1547
9921	27.1605
9931	27.1699
9941	27.1748
9951	27.1815
9961	27.187
9971	27.1907
9981	27.1959
9991	27.2007
10001	27.204
10011	27.2088
10021	27.2164
10031	27.2213
10041	27.2233
10051	27.2267
10061	27.2311
10071	27.2342
10081	27.2388
10091	27.2421
10101	27.2443
10111	27.2465
10121	27.2489
10131	27.2524
10141	27.2589
10151	27.2622
10161	27.2699
10171	27.2757
10181	27.2809
10191	27.2878
10201	27.2912
10211	27.2951
10221	27.3011
10231	27.3042
10241	27.3084
10251	27.3118
10261	27.3147
10271	27.3164
10281	27.3209
10291	27.3267
10301	27.3307
10311	27.3345
10321	27.3379
10331	27.3404
10341	27.3463
10351	27.351
10361	27.3545
10371	27.367
10381	27.3745
10391	27.3791
10401	27.3894
10411	27.3972
10421	27.4057
10431	27.4131
10441	27.4254
10451	27.4345
10461	27.4401
10471	27.4497
10481	27.4571
10491	27.4603
10501	27.4674
10511	27.4714
10521	27.473
10531	27.4767
10541	27.479
10551	27.4815
10561	27.4837
10571	27.4851
10581	27.4863
10591	27.488
10601	27.4894
10611	27.4926
10621	27.4978
10631	27.5007
10641	27.5061
10651	27.513
10661	27.5209
10671	27.525
10681	27.5285
10691	27.5333
10701	27.536
10711	27.5406
10721	27.5447
10731	27.5463
10741	27.5477
10751	27.5498
10761	27.551
10771	27.5524
10781	27.5524
10791	27.5526
10801	27.5526
10811	27.5526
10821	27.5526
10831	27.5527
10841	27.5537
10851	27.5545
10861	27.5554
10871	27.5583
10881	27.5613
10891	27.5721
10901	27.5793
10911	27.5903
10921	27.598
10931	27.6043
10941	27.6129
10951	27.6179
10961	27.6241
10971	27.63
10981	27.6331
10991	27.6361
11001	27.6397
11011	27.6422
11021	27.6443
11031	27.6454
11041	27.6474
11051	27.6486
11061	27.6497
11071	27.6516
11081	27.6536
11091	27.6555
11101	27.6569
11111	27.6648
11121	27.6731
11131	27.6812
11141	27.6889
11151	27.6971
11161	27.7015
11171	27.7066
11181	27.716
11191	27.7198
11201	27.7252
11211	27.7331
11221	27.7404
11231	27.7454
11241	27.7518
11251	27.7598
11261	27.7646
11271	27.7673
11281	27.769
11291	27.7719
11301	27.7753
11311	27.7767
11321	27.7786
11331	27.78
11341	27.7816
11351	27.7843
11361	27.7858
11371	27.7871
11381	27.7883
11391	27.7892
11401	27.7896
11411	27.7905
11421	27.7909
11431	27.7921
11441	27.7924
11451	27.7927
11461	27.7933
11471	27.7939
11481	27.7944
11491	27.7949
11501	27.7997
11511	27.8039
11521	27.808
11531	27.8093
11541	27.8123
11551	27.8133
11561	27.8171
11571	27.825
11581	27.8314
11591	27.8395
11601	27.846
11611	27.8551
11621	27.868
11631	27.8732
11641	27.8741
11651	27.8783
11661	27.8847
11671	27.8889
11681	27.8919
11691	27.8986
11701	27.9027
11711	27.9074
11721	27.9116
11731	27.9145
11741	27.9164
11751	27.9189
11761	27.9195
11771	27.921
11781	27.9216
11791	27.9223
11801	27.923
11811	27.9234
11821	27.9238
11831	27.9247
11841	27.9252
11851	27.9259
11861	27.9266
11871	27.9271
11881	27.9294
11891	27.9322
11901	27.9341
11911	27.9399
11921	27.9432
11931	27.9452
11941	27.9475
11951	27.9485
11961	27.95
11971	27.9529
11981	27.9548
11991	27.9554
12001	27.9583
12011	27.9628
12021	27.9675
12031	27.9776
12041	27.983
12051	27.989
12061	27.9944
12071	28.0021
12081	28.0103
12091	28.0165
12101	28.0226
12111	28.0266
12121	28.0303
12131	28.0314
12141	28.0368
12151	28.0395
12161	28.0403
12171	28.0429
12181	28.0498
12191	28.0534
12201	28.0581
12211	28.0646
12221	28.0692
12231	28.0723
12241	28.0757
12251	28.0771
12261	28.0778
12271	28.0784
12281	28.0809
12291	28.0835
12301	28.085
12311	28.0863
12321	28.0872
12331	28.0887
12341	28.0907
12351	28.0917
12361	28.0927
12371	28.0955
12381	28.0983
12391	28.1051
12401	28.1085
12411	28.1106
12421	28.1134
12431	28.1153
12441	28.1169
12451	28.1261
12461	28.1317
12471	28.1348
12481	28.1394
12491	28.1416
12501	28.1428
12511	28.1451
12521	28.1463
12531	28.148
12541	28.1509
12551	28.1522
12561	28.155
12571	28.1564
12581	28.1622
12591	28.1737
12601	28.18
12611	28.1838
12621	28.1883
12631	28.1959
12641	28.2013
12651	28.2084
12661	28.2198
12671	28.2276
12681	28.2376
12691	28.2427
12701	28.2481
12711	28.257
12721	28.2651
12731	28.2794
12741	28.2913
12751	28.3063
12761	28.3177
12771	28.3253
12781	28.3321
12791	28.3385
12801	28.3473
12811	28.3556
12821	28.3681
12831	28.3753
12841	28.3831
12851	28.3871
12861	28.3885
12871	28.3901
12881	28.3911
12891	28.3969
12901	27.3635
