1	8.433
11	8.433
21	8.433
31	8.433
41	8.433
51	8.44742
61	8.49533
71	8.64883
81	8.78792
91	9.22525
101	9.34217
111	9.37533
121	9.40933
131	9.47058
141	9.54158
151	9.63725
161	9.76908
171	9.896
181	10.0633
191	10.2557
201	10.3411
211	10.4389
221	10.5753
231	10.6755
241	10.8098
251	10.9274
261	11.0323
271	11.1003
281	11.1578
291	11.2914
301	11.4253
311	11.5263
321	11.6362
331	11.8062
341	11.9551
351	12.1174
361	12.2073
371	12.2945
381	12.3743
391	12.4536
401	12.5323
411	12.5788
421	12.6715
431	12.8536
441	13.0165
451	13.2107
461	13.3344
471	13.4207
481	13.4906
491	13.5767
501	13.6689
511	13.7648
521	13.8407
531	13.9282
541	14.0494
551	14.22
561	14.3716
571	14.4539
581	14.5871
591	14.7194
601	14.8128
611	14.9953
621	15.104
631	15.158
641	15.221
651	15.3435
661	15.4784
671	15.6515
681	15.7672
691	15.9
701	16.0277
711	16.1993
721	16.2648
731	16.3537
741	16.4373
751	16.4973
761	16.5444
771	16.5964
781	16.7027
791	16.8075
801	16.9394
811	17.1184
821	17.2342
831	17.3473
841	17.4596
851	17.5607
861	17.649
871	17.772
881	17.8515
891	17.8902
901	17.9368
911	18.058
921	18.1806
931	18.3395
941	18.5336
951	18.6692
961	18.7652
971	18.8562
981	18.9352
991	18.9962
1001	19.0514
1011	19.1577
1021	19.2362
1031	19.3064
1041	19.4334
1051	19.5509
1061	19.6523
1071	19.7268
1081	19.7931
1091	19.9093
1101	20.0293
1111	20.1583
1121	20.217
1131	20.2754
1141	20.3531
1151	20.4592
1161	20.5865
1171	20.7249
1181	20.8559
1191	20.9827
1201	21.0597
1211	21.1617
1221	21.2978
1231	21.4024
1241	21.4687
1251	21.5778
1261	21.6615
1271	21.7394
1281	21.7941
1291	21.9399
1301	22.0503
1311	22.1641
1321	22.2619
1331	22.3933
1341	22.4877
1351	22.5764
1361	22.628
1371	22.7117
1381	22.7733
1391	22.8531
1401	22.9462
1411	23.0659
1421	23.2334
1431	23.3447
1441	23.4328
1451	23.5082
1461	23.5998
1471	23.6692
1481	23.7388
1491	23.7849
1501	23.8187
1511	23.8613
1521	23.9173
1531	24.0424
1541	24.2453
1551	24.3797
1561	24.5116
1571	24.6472
1581	24.7517
1591	24.8109
1601	24.89
1611	24.9298
1621	25.0172
1631	25.1074
1641	25.1787
1651	25.2936
1661	25.4806
1671	25.6352
1681	25.7322
1691	25.8648
1701	25.966
1711	26.0329
1721	26.1103
1731	26.1673
1741	26.208
1751	26.3278
1761	26.4265
1771	26.5321
1781	26.6371
1791	26.7492
1801	26.8327
1811	26.9383
1821	27.0738
1831	27.1689
1841	27.2704
1851	27.3758
1861	27.44
1871	27.5114
1881	27.5732
1891	27.6612
1901	27.8291
1911	27.9425
1921	28.0503
1931	28.1201
1941	28.2219
1951	28.3134
1961	28.4207
1971	28.5248
1981	28.6168
1991	28.6757
2001	28.7307
2011	28.7944
2021	28.9353
2031	29.106
2041	29.2201
2051	29.3333
2061	29.4227
2071	29.5043
2081	29.5815
2091	29.616
2101	29.6438
2111	29.6834
2121	29.7331
2131	29.8416
2141	30.0156
2151	30.1674
2161	30.2967
2171	30.3757
2181	30.4458
2191	30.4902
2201	30.5747
2211	30.6496
2221	30.7266
2231	30.7759
2241	30.822
2251	30.8867
2261	30.99
2271	31.1793
2281	31.3212
2291	31.4603
2301	31.5962
2311	31.6825
2321	31.7289
2331	31.7992
2341	31.8703
2351	31.9368
2361	31.9767
2371	32.0328
2381	32.0703
2391	32.1544
2401	32.2499
2411	32.3622
2421	32.438
2431	32.5059
2441	32.6232
2451	32.7274
2461	32.8062
2471	32.8742
2481	32.937
2491	33.0112
2501	33.0922
2511	33.2122
2521	33.3312
2531	33.4287
2541	33.5254
2551	33.6597
2561	33.8046
2571	33.872
2581	33.932
2591	33.9981
2601	34.0544
2611	34.1137
2621	34.1932
2631	34.2895
2641	34.3921
2651	34.4955
2661	34.627
2671	34.7263
2681	34.7825
2691	34.8359
2701	34.8988
2711	34.9393
2721	34.9961
2731	35.0546
2741	35.0832
2751	35.1535
2761	35.2642
2771	35.3807
2781	35.5161
2791	35.6551
2801	35.773
2811	35.8832
2821	35.963
2831	36.0201
2841	36.0712
2851	36.1153
2861	36.1819
2871	36.2323
2881	36.2801
2891	36.3973
2901	36.5356
2911	36.6381
2921	36.8006
2931	36.8769
2941	36.9214
2951	36.978
2961	37.0459
2971	37.093
2981	37.1555
2991	37.2397
3001	37.3383
3011	37.4361
3021	37.5549
3031	37.6583
3041	37.7884
3051	37.8511
3061	37.9167
3071	37.9644
3081	37.9942
3091	38.0585
3101	38.1304
3111	38.1971
3121	38.2808
3131	38.3392
3141	38.4069
3151	38.5237
3161	38.6158
3171	38.7381
3181	38.801
3191	38.8882
3201	38.9291
3211	38.9814
3221	39.0447
3231	39.1441
3241	39.2146
3251	39.2737
3261	39.3602
3271	39.4787
3281	39.5704
3291	39.6628
3301	39.7803
3311	39.8507
3321	39.9136
3331	39.9521
3341	40.0067
3351	40.0535
3361	40.1063
3371	40.2052
3381	40.3467
3391	40.4266
3401	40.5227
3411	40.5721
3421	40.6703
3431	40.7417
3441	40.77
3451	40.7918
3461	40.8348
3471	40.9132
3481	40.9901
3491	41.1438
3501	41.306
3511	41.4062
3521	41.5057
3531	41.613
3541	41.6905
3551	41.7467
3561	41.8291
3571	41.8718
3581	41.9102
3591	41.9521
3601	42.0054
3611	42.0665
3621	42.1992
3631	42.2909
3641	42.3664
3651	42.4725
3661	42.5998
3671	42.6589
3681	42.7216
3691	42.7622
3701	42.8041
3711	42.8375
3721	42.8816
3731	42.9404
3741	43.0392
3751	43.1827
3761	43.2718
3771	43.3883
3781	43.4839
3791	43.5494
3801	43.5977
3811	43.6659
3821	43.7103
3831	43.7643
3841	43.8344
3851	43.9225
3861	44.0236
3871	44.1134
3881	44.1949
3891	44.2726
3901	44.4002
3911	44.509
3921	44.5843
3931	44.6087
3941	44.6467
3951	44.6836
3961	44.7698
3971	44.8554
3981	44.9451
3991	45.0287
4001	45.1285
4011	45.2377
4021	45.3631
4031	45.4452
4041	45.4896
4051	45.5164
4061	45.5641
4071	45.6114
4081	45.6668
4091	45.7243
4101	45.8431
4111	45.9122
4121	46.039
4131	46.157
4141	46.2294
4151	46.3218
4161	46.4174
4171	46.4645
4181	46.4829
4191	46.5116
4201	46.5348
4211	46.5831
4221	46.6426
4231	46.79
4241	46.893
4251	46.9658
4261	47.0436
4271	47.1306
4281	47.1928
4291	47.2289
4301	47.2495
4311	47.2942
4321	47.326
4331	47.3912
4341	47.5261
4351	47.6119
4361	47.7737
4371	47.8728
4381	47.9657
4391	48.0357
4401	48.0885
4411	48.1353
4421	48.2031
4431	48.2725
4441	48.3227
4451	48.3608
4461	48.4419
4471	48.4902
4481	48.5678
4491	48.6145
4501	48.6752
4511	48.7359
4521	48.8277
4531	48.9222
4541	49.0168
4551	49.0587
4561	49.117
4571	49.1923
4581	49.2477
4591	49.3401
4601	49.4014
4611	49.467
4621	49.5293
4631	49.6235
4641	49.7019
4651	49.7907
4661	49.8552
4671	49.9362
4681	49.9977
4691	50.0418
4701	50.0851
4711	50.1136
4721	50.1689
4731	50.2415
4741	50.3303
4751	50.4313
4761	50.5517
4771	50.6298
4781	50.6951
4791	50.7422
4801	50.7799
4811	50.8076
4821	50.8327
4831	50.8603
4841	50.9327
4851	51.0257
4861	51.1308
4871	51.2862
4881	51.3992
4891	51.4784
4901	51.5529
4911	51.6246
4921	51.6628
4931	51.7028
4941	51.7568
4951	51.8024
4961	51.8391
4971	51.9149
4981	52.0045
4991	52.1047
5001	52.1812
5011	52.2711
5021	52.3492
5031	52.4182
5041	52.4653
5051	52.5056
5061	52.5303
5071	52.5543
5081	52.6351
5091	52.7435
5101	52.8234
5111	52.9112
5121	52.9948
5131	53.0611
5141	53.1453
5151	53.1988
5161	53.2379
5171	53.267
5181	53.3211
5191	53.3882
5201	53.4342
5211	53.52
5221	53.6283
5231	53.6797
5241	53.7434
5251	53.8211
5261	53.8782
5271	53.9141
5281	53.9542
5291	53.9937
5301	54.0417
5311	54.1105
5321	54.1449
5331	54.2224
5341	54.3017
5351	54.3574
5361	54.41
5371	54.4632
5381	54.5318
5391	54.5948
5401	54.6952
5411	54.7272
5421	54.7848
5431	54.8377
5441	54.8957
5451	54.9938
5461	55.0551
5471	55.0815
5481	55.1262
5491	55.1711
5501	55.2111
5511	55.2653
5521	55.2907
5531	55.3341
5541	55.3496
5551	55.3817
5561	55.4078
5571	55.4332
5581	55.5062
5591	55.6049
5601	55.6815
5611	55.8068
5621	55.8758
5631	55.9121
5641	55.9496
5651	56.0085
5661	56.0584
5671	56.1092
5681	56.1698
5691	56.2275
5701	56.3072
5711	56.3742
5721	56.429
5731	56.4997
5741	56.576
5751	56.6311
5761	56.7098
5771	56.7568
5781	56.8005
5791	56.852
5801	56.9063
5811	56.9411
5821	57.0644
5831	57.1489
5841	57.2107
5851	57.2782
5861	57.3352
5871	57.4067
5881	57.4481
5891	57.4835
5901	57.5171
5911	57.5431
5921	57.5854
5931	57.634
5941	57.6973
5951	57.758
5961	57.8123
5971	57.8426
5981	57.8828
5991	57.9145
6001	57.9844
6011	58.0087
6021	58.0419
6031	58.0827
6041	58.1126
6051	58.1657
6061	58.2342
6071	58.2812
6081	58.3402
6091	58.4051
6101	58.4688
6111	58.5729
6121	58.6378
6131	58.6677
6141	58.7092
6151	58.7391
6161	58.7559
6171	58.7728
6181	58.819
6191	58.8732
6201	58.9136
6211	58.9558
6221	58.9869
6231	59.0352
6241	59.0997
6251	59.1377
6261	59.1891
6271	59.2192
6281	59.2517
6291	59.2985
6301	59.3533
6311	59.3827
6321	59.4216
6331	59.489
6341	59.591
6351	59.6728
6361	59.7363
6371	59.7847
6381	59.8127
6391	59.8432
6401	59.8776
6411	59.9057
6421	59.925
6431	59.9648
6441	60.0181
6451	60.0535
6461	60.1533
6471	60.2022
6481	60.2617
6491	60.2908
6501	60.3074
6511	60.3209
6521	60.336
6531	60.3601
6541	60.3792
6551	60.4005
6561	60.4534
6571	60.4793
6581	60.5207
6591	60.5882
6601	60.6546
6611	60.6924
6621	60.7182
6631	60.7319
6641	60.7402
6651	60.7716
6661	60.7989
6671	60.8143
6681	60.8352
6691	60.8591
6701	60.8887
6711	60.9317
6721	61.0231
6731	61.1025
6741	61.2142
6751	61.2685
6761	61.3252
6771	61.3653
6781	61.4177
6791	61.4733
6801	61.5201
6811	61.5647
6821	61.6193
6831	61.6434
6841	61.7044
6851	61.7377
6861	61.7875
6871	61.8061
6881	61.8278
6891	61.8383
6901	61.9014
6911	61.9734
6921	62.0354
6931	62.0687
6941	62.1283
6951	62.1684
6961	62.2082
6971	62.2706
6981	62.3215
6991	62.3488
7001	62.4046
7011	62.4527
7021	62.4958
7031	62.5219
7041	62.5781
7051	62.6052
7061	62.627
7071	62.6707
7081	62.7368
7091	62.7856
7101	62.8588
7111	62.8908
7121	62.9357
7131	62.9782
7141	63.0166
7151	63.0567
7161	63.0797
7171	63.1139
7181	63.147
7191	63.1947
7201	63.2292
7211	63.2682
7221	63.3191
7231	63.3494
7241	63.3762
7251	63.3919
7261	63.4129
7271	63.4298
7281	63.4448
7291	63.5076
7301	63.5864
7311	63.6304
7321	63.6741
7331	63.716
7341	63.7562
7351	63.7942
7361	63.8376
7371	63.8655
7381	63.8965
7391	63.9211
7401	63.9614
7411	63.9967
7421	64.0602
7431	64.1012
7441	64.1258
7451	64.1698
7461	64.198
7471	64.2233
7481	64.2687
7491	64.3065
7501	64.3357
7511	64.3688
7521	64.4001
7531	64.4294
7541	64.4764
7551	64.5225
7561	64.5617
7571	64.5843
7581	64.6152
7591	64.6577
7601	64.6787
7611	64.6879
7621	64.6973
7631	64.7167
7641	64.7346
7651	64.7618
7661	64.8062
7671	64.856
7681	64.9249
7691	64.9592
7701	65.0151
7711	65.0486
7721	65.088
7731	65.1227
7741	65.162
7751	65.1837
7761	65.2131
7771	65.2337
7781	65.2423
7791	65.2493
7801	65.2529
7811	65.2646
7821	65.2796
7831	65.3236
7841	65.3831
7851	65.4351
7861	65.4699
7871	65.485
7881	65.5273
7891	65.5497
7901	65.5751
7911	65.6369
7921	65.6573
7931	65.6874
7941	65.7192
7951	65.7778
7961	65.8451
7971	65.8572
7981	65.8738
7991	65.9002
8001	65.9345
8011	65.9525
8021	65.9785
8031	66.012
8041	66.0487
8051	66.0921
8061	66.1191
8071	66.1764
8081	66.2303
8091	66.291
8101	66.3253
8111	66.3661
8121	66.3854
8131	66.4006
8141	66.4181
8151	66.4369
8161	66.4696
8171	66.4879
8181	66.5124
8191	66.5457
8201	66.584
8211	66.6065
8221	66.6177
8231	66.6347
8241	66.6563
8251	66.6675
8261	66.6774
8271	66.6844
8281	66.7095
8291	66.7541
8301	66.7937
8311	66.8367
8321	66.8865
8331	66.9216
8341	66.9268
8351	66.9518
8361	66.9909
8371	67.0103
8381	67.0228
8391	67.0743
8401	67.1288
8411	67.1806
8421	67.2188
8431	67.2507
8441	67.3011
8451	67.3494
8461	67.3741
8471	67.3942
8481	67.4079
8491	67.4256
8501	67.4335
8511	67.4464
8521	67.4682
8531	67.4847
8541	67.4948
8551	67.5049
8561	67.5157
8571	67.5204
8581	67.5435
8591	67.5535
8601	67.5717
8611	67.5768
8621	67.5833
8631	67.587
8641	67.5878
8651	67.6052
8661	67.6612
8671	67.7133
8681	67.7713
8691	67.8006
8701	67.8288
8711	67.8366
8721	67.8535
8731	67.8756
8741	67.9095
8751	67.9266
8761	67.9646
8771	68.0079
8781	68.0463
8791	68.0672
8801	68.0998
8811	68.1202
8821	68.1587
8831	68.1687
8841	68.1874
8851	68.2081
8861	68.2301
8871	68.2434
8881	68.2489
8891	68.2541
8901	68.2725
8911	68.3028
8921	68.3365
8931	68.3499
8941	68.3762
8951	68.3989
8961	68.4244
8971	68.4315
8981	68.4372
8991	68.4507
9001	68.4719
9011	68.488
9021	68.4986
9031	68.5057
9041	68.5122
9051	68.5167
9061	68.5446
9071	68.5635
9081	68.5853
9091	68.6552
9101	68.706
9111	68.7429
9121	68.8173
9131	68.8571
9141	68.903
9151	68.9396
9161	68.9827
9171	69.031
9181	69.0707
9191	69.0862
9201	69.0937
9211	69.1094
9221	69.1262
9231	69.1367
9241	69.1466
9251	69.1545
9261	69.1692
9271	69.1921
9281	69.2087
9291	69.2697
9301	69.2938
9311	69.3137
9321	69.3309
9331	69.3549
9341	69.3796
9351	69.3996
9361	69.414
9371	69.4521
9381	69.4735
9391	69.4957
9401	69.5277
9411	69.548
9421	69.5794
9431	69.6171
9441	69.6247
9451	69.6362
9461	69.6431
9471	69.6461
9481	69.6514
9491	69.6549
9501	69.6711
9511	69.6813
9521	69.6844
9531	69.6962
9541	69.7077
9551	69.7147
9561	69.7498
9571	69.7669
9581	69.7726
9591	69.7813
9601	69.7996
9611	69.8072
9621	69.8118
9631	69.8248
9641	69.8507
9651	69.8922
9661	69.9405
9671	69.9942
9681	70.0129
9691	70.0422
9701	70.0633
9711	70.0784
9721	70.0934
9731	70.1047
9741	70.1137
9751	70.1202
9761	70.1212
9771	70.1672
9781	70.201
9791	70.2269
9801	70.2497
9811	70.2591
9821	70.2717
9831	70.289
9841	70.2943
9851	70.3068
9861	70.3221
9871	70.3556
9881	70.3724
9891	70.3868
9901	70.4136
9911	70.4466
9921	70.4686
9931	70.4855
9941	70.5025
9951	70.5224
9961	70.5314
9971	70.5477
9981	70.5663
9991	70.5809
10001	70.5982
10011	70.6296
10021	70.6627
10031	70.7031
10041	70.746
10051	70.7596
10061	70.7839
10071	70.8085
10081	70.8226
10091	70.8338
10101	70.8407
10111	70.8582
10121	70.8851
10131	70.9015
10141	70.9135
10151	70.9303
10161	70.9436
10171	70.9579
10181	70.9702
10191	70.9775
10201	70.9822
10211	70.9868
10221	70.9878
10231	70.9999
10241	71.0313
10251	71.0686
10261	71.1012
10271	71.1468
10281	71.1812
10291	71.2038
10301	71.2098
10311	71.217
10321	71.2263
10331	71.2502
10341	71.2642
10351	71.2727
10361	71.2908
10371	71.3
10381	71.3087
10391	71.3229
10401	71.3324
10411	71.3458
10421	71.3598
10431	71.3706
10441	71.3778
10451	71.3843
10461	71.3879
10471	71.3896
10481	71.4008
10491	71.4109
10501	71.446
10511	71.4663
10521	71.4969
10531	71.5306
10541	71.5451
10551	71.5594
10561	71.569
10571	71.5781
10581	71.5814
10591	71.5854
10601	71.5879
10611	71.5954
10621	71.6082
10631	71.626
10641	71.6498
10651	71.6664
10661	71.6986
10671	71.7092
10681	71.7312
10691	71.7432
10701	71.7498
10711	71.751
10721	71.7532
10731	71.7689
10741	71.7783
10751	71.7924
10761	71.8056
10771	71.8136
10781	71.8202
10791	71.8507
10801	71.8762
10811	71.893
10821	71.9062
10831	71.9146
10841	71.9245
10851	71.9632
10861	71.9893
10871	72.0156
10881	72.0583
10891	72.0893
10901	72.1064
10911	72.138
10921	72.1504
10931	72.163
10941	72.1776
10951	72.1916
10961	72.2013
10971	72.2238
10981	72.2339
10991	72.2522
11001	72.2792
11011	72.3102
11021	72.3306
11031	72.3367
11041	72.3389
11051	72.3442
11061	72.3498
11071	72.3506
11081	72.3549
11091	72.3558
11101	72.3567
11111	72.3587
11121	72.3588
11131	72.3664
11141	72.3796
11151	72.3926
11161	72.3966
11171	72.4119
11181	72.4165
11191	72.4198
11201	72.4215
11211	72.4225
11221	72.4245
11231	72.4264
11241	72.4515
11251	72.4652
11261	72.4769
11271	72.4847
11281	72.5052
11291	72.5209
11301	72.5341
11311	72.5504
11321	72.5682
11331	72.5916
11341	72.6022
11351	72.6109
11361	72.6163
11371	72.6184
11381	72.6217
11391	72.6339
11401	72.648
11411	72.6542
11421	72.6622
11431	72.6757
11441	72.6927
11451	72.702
11461	72.7063
11471	72.7163
11481	72.7178
11491	72.7221
11501	72.7241
11511	72.7257
11521	72.726
11531	72.726
11541	72.7261
11551	72.7261
11561	72.7262
11571	72.7266
11581	72.7272
11591	72.7284
11601	72.7377
11611	72.7504
11621	72.7555
11631	72.7701
11641	72.7737
11651	72.7773
11661	72.7812
11671	72.7853
11681	72.7897
11691	72.8104
11701	72.8343
11711	72.8477
11721	72.8825
11731	72.8944
11741	72.908
11751	72.918
11761	72.9308
11771	72.938
11781	72.9382
11791	72.9391
11801	72.946
11811	72.9478
11821	72.9622
11831	72.9711
11841	72.9806
11851	72.9924
11861	73.0137
11871	73.0292
11881	73.04
11891	73.0483
11901	73.0645
11911	73.071
11921	73.0738
11931	73.0829
11941	73.0862
11951	73.0949
11961	73.105
11971	73.1222
11981	73.1378
11991	73.1442
12001	73.1502
12011	73.1782
12021	73.1843
12031	73.2034
12041	73.2119
12051	73.217
12061	73.2185
12071	73.2216
12081	73.2232
12091	73.2238
12101	73.2402
12111	73.259
12121	73.2673
12131	73.2796
12141	73.2889
12151	73.3012
12161	73.3071
12171	73.3142
12181	73.3173
12191	73.3209
12201	73.3317
12211	73.3388
12221	73.3507
12231	73.3552
12241	73.3569
12251	73.3579
12261	73.3731
12271	73.3817
12281	73.388
12291	73.3901
12301	73.4084
12311	73.4226
12321	73.4329
12331	73.4387
12341	73.4442
12351	73.4528
12361	73.4649
12371	73.4888
12381	73.5055
12391	73.5329
12401	73.5517
12411	73.5652
12421	73.5736
12431	73.576
12441	73.5905
12451	73.6003
12461	73.6122
12471	73.6166
12481	73.6198
12491	73.6211
12501	73.6316
12511	73.6492
12521	73.6556
12531	73.6669
12541	73.6713
12551	73.6741
12561	73.6834
12571	73.6911
12581	73.6973
12591	73.7127
12601	73.7454
12611	73.7701
12621	73.7992
12631	73.8176
12641	73.8302
12651	73.8367
12661	73.8422
12671	73.8466
12681	73.8779
12691	73.9158
12701	73.9297
12711	73.9385
12721	73.9411
12731	73.9469
12741	73.9511
12751	73.9543
12761	73.962
12771	73.9743
12781	73.9804
12791	73.9861
12801	73.9902
12811	73.9912
12821	73.9922
12831	73.9925
12841	73.9935
12851	73.9943
12861	74.0099
12871	74.043
12881	74.043
12891	74.0451
12901	74.0471
1	8.29983
11	8.29983
21	8.29983
31	8.29983
41	8.29983
51	8.29983
61	8.38967
71	8.47983
81	8.544
91	8.89558
101	9.10158
111	9.18875
121	9.24975
131	9.26933
141	9.28958
151	9.34525
161	9.47217
171	9.66192
181	9.8745
191	10.0397
201	10.1222
211	10.188
221	10.3312
231	10.4015
241	10.5857
251	10.697
261	10.832
271	10.9119
281	10.9607
291	11.0693
301	11.1627
311	11.3165
321	11.5788
331	11.7047
341	11.8108
351	11.9244
361	12.0407
371	12.168
381	12.2408
391	12.3362
401	12.3865
411	12.4779
421	12.5976
431	12.6763
441	12.8392
451	13.0076
461	13.1591
471	13.2975
481	13.3749
491	13.4815
501	13.5622
511	13.6346
521	13.7208
531	13.8233
541	13.9172
551	14.0572
561	14.1791
571	14.2775
581	14.4355
591	14.5557
601	14.6468
611	14.7291
621	14.8458
631	14.9218
641	15.0128
651	15.0576
661	15.1748
671	15.2638
681	15.4222
691	15.5557
701	15.7318
711	15.8431
721	15.9241
731	15.9883
741	16.0493
751	16.1064
761	16.1923
771	16.2737
781	16.3346
791	16.4394
801	16.6071
811	16.7802
821	16.8702
831	17.0056
841	17.1316
851	17.2447
861	17.3488
871	17.3917
881	17.4462
891	17.4963
901	17.5599
911	17.6353
921	17.7503
931	17.9521
941	18.1097
951	18.182
961	18.2778
971	18.4103
981	18.496
991	18.5867
1001	18.6531
1011	18.7153
1021	18.8143
1031	18.9427
1041	19.0688
1051	19.2453
1061	19.3557
1071	19.4393
1081	19.5716
1091	19.7051
1101	19.8243
1111	19.9289
1121	20.0047
1131	20.0612
1141	20.1122
1151	20.2078
1161	20.3523
1171	20.5142
1181	20.6778
1191	20.8185
1201	20.9213
1211	21.0132
1221	21.1297
1231	21.2193
1241	21.3071
1251	21.3472
1261	21.4156
1271	21.4677
1281	21.5743
1291	21.7001
1301	21.893
1311	22.0396
1321	22.193
1331	22.2706
1341	22.3479
1351	22.4475
1361	22.5227
1371	22.5865
1381	22.667
1391	22.7477
1401	22.8341
1411	22.9516
1421	23.1115
1431	23.1937
1441	23.3097
1451	23.4497
1461	23.5578
1471	23.6595
1481	23.6977
1491	23.7287
1501	23.7628
1511	23.8222
1521	23.9125
1531	24.0929
1541	24.2397
1551	24.4247
1561	24.5058
1571	24.5918
1581	24.6604
1591	24.7598
1601	24.8528
1611	24.8938
1621	24.9957
1631	25.1244
1641	25.2332
1651	25.3215
1661	25.4369
1671	25.5604
1681	25.6716
1691	25.7627
1701	25.8405
1711	25.9461
1721	26.0446
1731	26.1479
1741	26.217
1751	26.2652
1761	26.3623
1771	26.5177
1781	26.6531
1791	26.8045
1801	26.8793
1811	26.9455
1821	27.0205
1831	27.1152
1841	27.2652
1851	27.3873
1861	27.4737
1871	27.5273
1881	27.5738
1891	27.6527
1901	27.7804
1911	27.9195
1921	28.0619
1931	28.1977
1941	28.3122
1951	28.4186
1961	28.4828
1971	28.525
1981	28.5957
1991	28.6696
2001	28.7527
2011	28.8159
2021	28.9365
2031	29.1207
2041	29.2352
2051	29.3213
2061	29.4033
2071	29.5067
2081	29.6117
2091	29.7157
2101	29.7852
2111	29.8403
2121	29.8805
2131	29.957
2141	30.0602
2151	30.2207
2161	30.3699
2171	30.4844
2181	30.5782
2191	30.6548
2201	30.766
2211	30.8323
2221	30.9198
2231	30.9847
2241	31.0417
2251	31.1359
2261	31.2198
2271	31.364
2281	31.492
2291	31.6056
2301	31.6821
2311	31.7689
2321	31.8381
2331	31.8946
2341	31.9224
2351	31.935
2361	31.9579
2371	32.0322
2381	32.1479
2391	32.3482
2401	32.5378
2411	32.6604
2421	32.7598
2431	32.8152
2441	32.8619
2451	32.9203
2461	32.9482
2471	32.9934
2481	33.0667
2491	33.124
2501	33.2188
2511	33.3419
2521	33.4624
2531	33.5595
2541	33.6679
2551	33.7666
2561	33.8489
2571	33.9382
2581	34.0153
2591	34.0752
2601	34.1095
2611	34.169
2621	34.2695
2631	34.3773
2641	34.5134
2651	34.6743
2661	34.8096
2671	34.931
2681	35.0455
2691	35.1497
2701	35.2024
2711	35.247
2721	35.2883
2731	35.3604
2741	35.4779
2751	35.6137
2761	35.8092
2771	35.9376
2781	36.0153
2791	36.0757
2801	36.1099
2811	36.1743
2821	36.3068
2831	36.4123
2841	36.4952
2851	36.5759
2861	36.6512
2871	36.7092
2881	36.8411
2891	36.9548
2901	37.0867
2911	37.2055
2921	37.2915
2931	37.3804
2941	37.4545
2951	37.4964
2961	37.52
2971	37.5412
2981	37.6137
2991	37.6758
3001	37.7733
3011	37.9142
3021	38.0819
3031	38.1711
3041	38.2523
3051	38.3258
3061	38.4081
3071	38.442
3081	38.4869
3091	38.5152
3101	38.5812
3111	38.6677
3121	38.7671
3131	38.918
3141	39.0142
3151	39.1303
3161	39.2269
3171	39.3216
3181	39.3851
3191	39.4487
3201	39.5306
3211	39.5976
3221	39.6527
3231	39.7162
3241	39.786
3251	39.9089
3261	40.0247
3271	40.1437
3281	40.2726
3291	40.4101
3301	40.5277
3311	40.5567
3321	40.5793
3331	40.6098
3341	40.6585
3351	40.6945
3361	40.7379
3371	40.8621
3381	41.0297
3391	41.1755
3401	41.3085
3411	41.4143
3421	41.4891
3431	41.5473
3441	41.6103
3451	41.6669
3461	41.7192
3471	41.7594
3481	41.8097
3491	41.8823
3501	41.9595
3511	42.1053
3521	42.2346
3531	42.359
3541	42.4662
3551	42.5462
3561	42.59
3571	42.631
3581	42.6971
3591	42.7709
3601	42.8503
3611	42.9064
3621	42.9928
3631	43.0878
3641	43.1577
3651	43.2492
3661	43.3268
3671	43.3821
3681	43.449
3691	43.4982
3701	43.5431
3711	43.6133
3721	43.7297
3731	43.807
3741	43.8649
3751	43.9535
3761	44.0673
3771	44.1947
3781	44.2828
3791	44.3763
3801	44.4522
3811	44.4903
3821	44.5347
3831	44.5584
3841	44.6258
3851	44.7242
3861	44.8233
3871	44.8971
3881	45.0117
3891	45.0992
3901	45.1903
3911	45.267
3921	45.3595
3931	45.464
3941	45.5125
3951	45.5516
3961	45.6017
3971	45.6307
3981	45.6702
3991	45.7107
4001	45.811
4011	45.9531
4021	46.0943
4031	46.2107
4041	46.2806
4051	46.3437
4061	46.3975
4071	46.4319
4081	46.4832
4091	46.5023
4101	46.5394
4111	46.6026
4121	46.6757
4131	46.8327
4141	46.9099
4151	46.9714
4161	47.0584
4171	47.1442
4181	47.2347
4191	47.2887
4201	47.332
4211	47.3642
4221	47.4092
4231	47.489
4241	47.6021
4251	47.71
4261	47.8346
4271	47.8999
4281	47.9411
4291	47.9948
4301	48.0531
4311	48.1353
4321	48.1823
4331	48.2481
4341	48.3522
4351	48.4073
4361	48.4563
4371	48.5632
4381	48.661
4391	48.7302
4401	48.8162
4411	48.864
4421	48.9037
4431	48.9366
4441	48.9849
4451	49.0122
4461	49.0482
4471	49.2004
4481	49.322
4491	49.4456
4501	49.549
4511	49.6092
4521	49.6812
4531	49.7037
4541	49.7328
4551	49.7841
4561	49.8327
4571	49.8846
4581	49.954
4591	50.0345
4601	50.0989
4611	50.1712
4621	50.2417
4631	50.2941
4641	50.3897
4651	50.4775
4661	50.5842
4671	50.6482
4681	50.7111
4691	50.7395
4701	50.7598
4711	50.7833
4721	50.8244
4731	50.8739
4741	50.9893
4751	51.1028
4761	51.2059
4771	51.302
4781	51.3452
4791	51.3982
4801	51.4434
4811	51.4803
4821	51.5301
4831	51.5916
4841	51.6661
4851	51.71
4861	51.7523
4871	51.8187
4881	51.8839
4891	51.9294
4901	51.9872
4911	52.0458
4921	52.0909
4931	52.1363
4941	52.1627
4951	52.216
4961	52.2803
4971	52.3492
4981	52.4187
4991	52.4794
5001	52.5519
5011	52.6352
5021	52.6915
5031	52.731
5041	52.7768
5051	52.8427
5061	52.9094
5071	52.9714
5081	53.012
5091	53.0499
5101	53.0986
5111	53.1546
5121	53.2414
5131	53.2962
5141	53.3552
5151	53.3939
5161	53.4409
5171	53.4759
5181	53.5087
5191	53.5501
5201	53.6141
5211	53.7213
5221	53.8348
5231	53.9339
5241	54.0234
5251	54.1092
5261	54.2242
5271	54.2834
5281	54.3484
5291	54.3933
5301	54.4271
5311	54.468
5321	54.5325
5331	54.5662
5341	54.6671
5351	54.7544
5361	54.8428
5371	54.9106
5381	54.9617
5391	55.0016
5401	55.0395
5411	55.0729
5421	55.1142
5431	55.1462
5441	55.1621
5451	55.196
5461	55.2647
5471	55.3167
5481	55.3585
5491	55.453
5501	55.5277
5511	55.5788
5521	55.6365
5531	55.6791
5541	55.7105
5551	55.761
5561	55.8475
5571	55.9354
5581	55.9979
5591	56.0447
5601	56.0635
5611	56.0977
5621	56.1299
5631	56.1774
5641	56.2228
5651	56.2685
5661	56.3086
5671	56.3264
5681	56.3557
5691	56.3887
5701	56.4382
5711	56.5073
5721	56.6079
5731	56.6867
5741	56.7527
5751	56.8197
5761	56.8676
5771	56.9066
5781	56.9412
5791	56.9653
5801	57.0295
5811	57.1297
5821	57.2319
5831	57.3139
5841	57.4017
5851	57.4837
5861	57.5814
5871	57.646
5881	57.6938
5891	57.7463
5901	57.7816
5911	57.8206
5921	57.8478
5931	57.8742
5941	57.9338
5951	57.9852
5961	58.0724
5971	58.1738
5981	58.2457
5991	58.3166
6001	58.3463
6011	58.4006
6021	58.4551
6031	58.4802
6041	58.4937
6051	58.532
6061	58.5702
6071	58.6056
6081	58.6597
6091	58.7251
6101	58.7687
6111	58.8219
6121	58.8457
6131	58.9059
6141	58.9456
6151	59.0078
6161	59.0845
6171	59.1347
6181	59.2152
6191	59.3065
6201	59.3379
6211	59.3846
6221	59.4204
6231	59.506
6241	59.5662
6251	59.618
6261	59.6514
6271	59.6763
6281	59.7187
6291	59.767
6301	59.8802
6311	59.9209
6321	59.9437
6331	60.0216
6341	60.0806
6351	60.1267
6361	60.1771
6371	60.2085
6381	60.2398
6391	60.2687
6401	60.2999
6411	60.3201
6421	60.3617
6431	60.4045
6441	60.4362
6451	60.4945
6461	60.5749
6471	60.6328
6481	60.7036
6491	60.7467
6501	60.7762
6511	60.8081
6521	60.8317
6531	60.8483
6541	60.905
6551	60.9583
6561	61.0412
6571	61.1058
6581	61.1445
6591	61.2057
6601	61.2658
6611	61.322
6621	61.392
6631	61.4416
6641	61.4694
6651	61.5215
6661	61.5671
6671	61.6135
6681	61.6467
6691	61.6766
6701	61.7287
6711	61.7804
6721	61.8352
6731	61.8695
6741	61.9013
6751	61.9227
6761	61.9303
6771	61.9399
6781	61.9642
6791	62.0204
6801	62.0647
6811	62.1055
6821	62.1727
6831	62.2467
6841	62.3106
6851	62.3769
6861	62.4141
6871	62.4355
6881	62.4659
6891	62.5128
6901	62.5441
6911	62.559
6921	62.6116
6931	62.6612
6941	62.7007
6951	62.7387
6961	62.7651
6971	62.8002
6981	62.8322
6991	62.8526
7001	62.8976
7011	62.9219
7021	62.9583
7031	62.9697
7041	62.9814
7051	62.9961
7061	63.0104
7071	63.0607
7081	63.0941
7091	63.1372
7101	63.1957
7111	63.2262
7121	63.2698
7131	63.3014
7141	63.336
7151	63.355
7161	63.3708
7171	63.3811
7181	63.3967
7191	63.4481
7201	63.4643
7211	63.521
7221	63.5642
7231	63.603
7241	63.6189
7251	63.66
7261	63.6872
7271	63.7257
7281	63.7821
7291	63.8386
7301	63.9062
7311	63.966
7321	64.0067
7331	64.041
7341	64.0698
7351	64.0807
7361	64.092
7371	64.1178
7381	64.1463
7391	64.1577
7401	64.1673
7411	64.2001
7421	64.2339
7431	64.2603
7441	64.2912
7451	64.3423
7461	64.4019
7471	64.4232
7481	64.4544
7491	64.4861
7501	64.5203
7511	64.5636
7521	64.5996
7531	64.6234
7541	64.652
7551	64.6748
7561	64.7055
7571	64.7566
7581	64.8002
7591	64.8483
7601	64.8759
7611	64.8997
7621	64.9156
7631	64.945
7641	64.9602
7651	64.9697
7661	65.0155
7671	65.0645
7681	65.1239
7691	65.1586
7701	65.1969
7711	65.2633
7721	65.3369
7731	65.3695
7741	65.3899
7751	65.4032
7761	65.4175
7771	65.4233
7781	65.4586
7791	65.4975
7801	65.5252
7811	65.577
7821	65.612
7831	65.6356
7841	65.664
7851	65.6827
7861	65.6963
7871	65.7081
7881	65.7175
7891	65.7337
7901	65.742
7911	65.778
7921	65.7951
7931	65.8051
7941	65.8411
7951	65.9046
7961	65.941
7971	65.9807
7981	66.0139
7991	66.0295
8001	66.0512
8011	66.0656
8021	66.0753
8031	66.0822
8041	66.101
8051	66.1265
8061	66.1576
8071	66.197
8081	66.2354
8091	66.2629
8101	66.2812
8111	66.2917
8121	66.308
8131	66.3119
8141	66.3494
8151	66.3751
8161	66.382
8171	66.3957
8181	66.4102
8191	66.4229
8201	66.4344
8211	66.4582
8221	66.481
8231	66.512
8241	66.5336
8251	66.5642
8261	66.6073
8271	66.6501
8281	66.6741
8291	66.7022
8301	66.7327
8311	66.7486
8321	66.7902
8331	66.812
8341	66.8594
8351	66.8897
8361	66.9322
8371	66.9661
8381	66.989
8391	67.0043
8401	67.034
8411	67.067
8421	67.0789
8431	67.085
8441	67.1009
8451	67.1482
8461	67.1672
8471	67.184
8481	67.202
8491	67.2073
8501	67.2236
8511	67.2423
8521	67.2686
8531	67.287
8541	67.2987
8551	67.3436
8561	67.3915
8571	67.4044
8581	67.4174
8591	67.4282
8601	67.4387
8611	67.4466
8621	67.4732
8631	67.5106
8641	67.5533
8651	67.5825
8661	67.6002
8671	67.6172
8681	67.6401
8691	67.6531
8701	67.6692
8711	67.6754
8721	67.6882
8731	67.7187
8741	67.7336
8751	67.7428
8761	67.7585
8771	67.7967
8781	67.8189
8791	67.8527
8801	67.8845
8811	67.9079
8821	67.9406
8831	67.9686
8841	67.9776
8851	67.9889
8861	68.0082
8871	68.0399
8881	68.0721
8891	68.102
8901	68.1301
8911	68.1562
8921	68.1842
8931	68.2138
8941	68.2438
8951	68.2622
8961	68.2899
8971	68.2977
8981	68.3117
8991	68.3274
9001	68.3342
9011	68.3446
9021	68.3498
9031	68.3547
9041	68.3583
9051	68.3638
9061	68.3832
9071	68.3946
9081	68.408
9091	68.4143
9101	68.4247
9111	68.4435
9121	68.4716
9131	68.4941
9141	68.5154
9151	68.5397
9161	68.5565
9171	68.5807
9181	68.6229
9191	68.6578
9201	68.6753
9211	68.685
9221	68.6988
9231	68.7194
9241	68.7547
9251	68.7866
9261	68.8034
9271	68.8258
9281	68.8445
9291	68.8617
9301	68.8819
9311	68.9002
9321	68.9123
9331	68.9239
9341	68.9369
9351	68.9445
9361	68.9497
9371	68.9542
9381	68.9732
9391	69.0166
9401	69.0618
9411	69.1083
9421	69.1627
9431	69.1867
9441	69.2166
9451	69.2327
9461	69.2541
9471	69.2633
9481	69.2768
9491	69.2846
9501	69.2873
9511	69.29
9521	69.2919
9531	69.2992
9541	69.3132
9551	69.3199
9561	69.332
9571	69.36
9581	69.3794
9591	69.3923
9601	69.4056
9611	69.4117
9621	69.4307
9631	69.4517
9641	69.4757
9651	69.5251
9661	69.5647
9671	69.5854
9681	69.6019
9691	69.6176
9701	69.6246
9711	69.6327
9721	69.641
9731	69.6477
9741	69.6499
9751	69.6641
9761	69.6723
9771	69.6966
9781	69.7683
9791	69.7859
9801	69.7936
9811	69.8147
9821	69.8416
9831	69.8577
9841	69.8699
9851	69.8927
9861	69.8997
9871	69.9128
9881	69.947
9891	69.9707
9901	69.9862
9911	70.0063
9921	70.0301
9931	70.0389
9941	70.0602
9951	70.0684
9961	70.0748
9971	70.0792
9981	70.0837
9991	70.0927
10001	70.1022
10011	70.1052
10021	70.1156
10031	70.1196
10041	70.1212
10051	70.1233
10061	70.124
10071	70.1241
10081	70.1247
10091	70.1327
10101	70.1533
10111	70.1892
10121	70.2085
10131	70.214
10141	70.2214
10151	70.2415
10161	70.2691
10171	70.285
10181	70.3055
10191	70.3215
10201	70.3338
10211	70.3448
10221	70.383
10231	70.4125
10241	70.4217
10251	70.4357
10261	70.4575
10271	70.4644
10281	70.4744
10291	70.4907
10301	70.4918
10311	70.5003
10321	70.5058
10331	70.509
10341	70.517
10351	70.5216
10361	70.5235
10371	70.5238
10381	70.5245
10391	70.5254
10401	70.5267
10411	70.5269
10421	70.5414
10431	70.546
10441	70.5549
10451	70.5687
10461	70.5793
10471	70.6013
10481	70.6071
10491	70.6296
10501	70.6445
10511	70.6502
10521	70.6549
10531	70.6562
10541	70.6563
10551	70.6576
10561	70.6576
10571	70.6647
10581	70.6769
10591	70.6837
10601	70.6843
10611	70.6892
10621	70.6905
10631	70.6987
10641	70.7027
10651	70.7104
10661	70.7209
10671	70.7269
10681	70.7343
10691	70.7432
10701	70.7603
10711	70.7873
10721	70.7984
10731	70.8117
10741	70.8478
10751	70.864
10761	70.882
10771	70.8989
10781	70.9168
10791	70.9279
10801	70.9379
10811	70.9412
10821	70.9458
10831	70.9561
10841	70.9677
10851	70.9847
10861	70.9997
10871	71.0204
10881	71.0542
10891	71.0953
10901	71.1075
10911	71.1198
10921	71.1401
10931	71.1547
10941	71.1638
10951	71.1852
10961	71.2224
10971	71.2504
10981	71.2631
10991	71.272
11001	71.2791
11011	71.2837
11021	71.2874
11031	71.2875
11041	71.2957
11051	71.301
11061	71.3077
11071	71.3127
11081	71.3172
11091	71.3202
11101	71.3225
11111	71.3245
11121	71.33
11131	71.3384
11141	71.3437
11151	71.3636
11161	71.3668
11171	71.3763
11181	71.3834
11191	71.3852
11201	71.3995
11211	71.4132
11221	71.424
11231	71.4364
11241	71.4493
11251	71.4618
11261	71.4756
11271	71.4916
11281	71.5004
11291	71.5038
11301	71.5101
11311	71.5147
11321	71.5257
11331	71.5427
11341	71.5598
11351	71.5766
11361	71.5864
11371	71.6056
11381	71.6236
11391	71.643
11401	71.6538
11411	71.6658
11421	71.6726
11431	71.6798
11441	71.6843
11451	71.6867
11461	71.6906
11471	71.6917
11481	71.6927
11491	71.7447
11501	71.7583
11511	71.7681
11521	71.7737
11531	71.7748
11541	71.7752
11551	71.7767
11561	71.7839
11571	71.7852
11581	71.7879
11591	71.7902
11601	71.7905
11611	71.7917
11621	71.802
11631	71.8172
11641	71.8371
11651	71.8434
11661	71.8462
11671	71.8463
11681	71.85
11691	71.8542
11701	71.8565
11711	71.8585
11721	71.866
11731	71.8808
11741	71.8998
11751	71.9043
11761	71.917
11771	71.9254
11781	71.9399
11791	71.946
11801	71.9482
11811	71.9516
11821	71.9677
11831	71.9881
11841	72.0357
11851	72.0477
11861	72.0682
11871	72.0732
11881	72.0865
11891	72.0941
11901	72.1023
11911	72.1054
11921	72.1099
11931	72.1142
11941	72.1185
11951	72.1212
11961	72.1352
11971	72.1476
11981	72.1497
11991	72.1542
12001	72.1557
12011	72.1677
12021	72.1857
12031	72.1905
12041	72.2052
12051	72.233
12061	72.2507
12071	72.2653
12081	72.2709
12091	72.2892
12101	72.312
12111	72.3638
12121	72.3822
12131	72.3966
12141	72.4023
12151	72.4123
12161	72.4326
12171	72.4396
12181	72.4467
12191	72.4587
12201	72.4736
12211	72.4837
12221	72.4952
12231	72.5045
12241	72.5151
12251	72.5192
12261	72.52
12271	72.5201
12281	72.5201
12291	72.5229
12301	72.5234
12311	72.524
12321	72.5245
12331	72.5326
12341	72.5396
12351	72.5439
12361	72.5523
12371	72.5572
12381	72.5573
12391	72.5584
12401	72.5587
12411	72.5591
12421	72.5602
12431	72.5604
12441	72.5612
12451	72.5692
12461	72.5754
12471	72.5787
12481	72.5851
12491	72.5881
12501	72.5958
12511	72.6151
12521	72.6239
12531	72.6367
12541	72.6428
12551	72.6506
12561	72.6561
12571	72.6659
12581	72.6835
12591	72.6977
12601	72.7124
12611	72.7267
12621	72.7329
12631	72.7397
12641	72.7433
12651	72.7468
12661	72.7495
12671	72.7622
12681	72.7718
12691	72.7924
12701	72.8098
12711	72.8322
12721	72.8543
12731	72.8674
12741	72.8711
12751	72.8772
12761	72.881
12771	72.881
12781	72.8853
12791	72.8912
12801	72.9017
12811	72.9063
12821	72.9153
12831	72.9292
12841	72.9411
12851	72.9467
12861	72.9524
12871	72.9548
12881	72.9567
12891	72.9567
12901	58.7254
1	5.13933
11	5.22142
21	3.42508
31	3.42508
41	3.42508
51	3.42508
61	3.42508
71	3.42508
81	3.42508
91	3.42508
101	3.42508
111	3.42508
121	3.42508
131	3.42508
141	3.42508
151	3.42508
161	3.42508
171	3.42508
181	3.42508
191	3.42508
201	3.42508
211	3.42508
221	3.42508
231	3.42508
241	3.42508
251	3.42508
261	3.42508
271	3.42508
281	3.42508
291	3.42508
301	3.42508
311	3.42508
321	3.42508
331	3.42508
341	3.42508
351	3.42508
361	3.42508
371	3.42508
381	3.42508
391	3.42508
401	3.42508
411	3.42508
421	3.42508
431	3.42508
441	3.42508
451	3.42508
461	3.42508
471	3.42508
481	3.42508
491	3.42508
501	3.42508
511	3.42508
521	3.42508
531	3.42508
541	3.42508
551	3.42508
561	3.42508
571	3.42508
581	3.42508
591	3.42508
601	3.42508
611	3.42508
621	3.42508
631	3.42508
641	3.42508
651	3.42508
661	3.42508
671	3.42508
681	3.42508
691	3.42508
701	3.42508
711	3.42508
721	3.42508
731	3.42508
741	3.42508
751	3.42508
761	3.42508
771	3.42508
781	3.42508
791	3.42508
801	3.42508
811	3.42508
821	3.42508
831	3.42508
841	3.42508
851	3.42508
861	3.42508
871	3.42508
881	3.42508
891	3.42508
901	3.42508
911	3.42508
921	3.42508
931	3.42508
941	3.42508
951	3.42508
961	3.42508
971	3.42508
981	3.42508
991	3.42508
1001	3.42508
1011	3.42508
1021	3.42508
1031	3.42508
1041	3.42508
1051	3.42508
1061	3.42508
1071	3.42508
1081	3.42508
1091	3.42508
1101	3.42508
1111	3.42508
1121	3.42508
1131	3.42508
1141	3.42508
1151	3.42508
1161	3.42508
1171	3.42508
1181	3.42508
1191	3.42508
1201	3.42508
1211	3.42508
1221	3.42508
1231	3.42508
1241	3.42508
1251	3.42508
1261	3.42508
1271	3.42508
1281	3.42508
1291	3.42508
1301	3.42508
1311	3.42508
1321	3.42508
1331	3.42508
1341	3.42508
1351	3.42508
1361	3.42508
1371	3.42508
1381	3.42508
1391	3.42508
1401	3.42508
1411	3.42508
1421	3.42508
1431	3.42508
1441	3.42508
1451	3.42508
1461	3.42508
1471	3.42508
1481	3.42508
1491	3.42508
1501	3.42508
1511	3.42508
1521	3.42508
1531	3.42508
1541	3.42508
1551	3.42508
1561	3.42508
1571	3.42508
1581	3.42508
1591	3.42508
1601	3.42508
1611	3.42508
1621	3.42508
1631	3.42508
1641	3.42508
1651	3.42508
1661	3.42508
1671	3.42508
1681	3.42508
1691	3.42508
1701	3.42508
1711	3.42508
1721	3.42508
1731	3.42508
1741	3.42508
1751	3.42508
1761	3.42508
1771	3.42508
1781	3.42508
1791	3.42508
1801	3.42508
1811	3.42508
1821	3.42508
1831	3.42508
1841	3.42508
1851	3.42508
1861	3.42508
1871	3.42508
1881	3.42508
1891	3.42508
1901	3.42508
1911	3.42508
1921	3.42508
1931	3.42508
1941	3.42508
1951	3.42508
1961	3.42508
1971	3.42508
1981	3.42508
1991	3.42508
2001	3.42508
2011	3.42508
2021	3.42508
2031	3.42508
2041	3.42508
2051	3.42508
2061	3.42508
2071	3.42508
2081	3.42508
2091	3.42508
2101	3.42508
2111	3.42508
2121	3.42508
2131	3.42508
2141	3.42508
2151	3.42508
2161	3.42508
2171	3.42508
2181	3.42508
2191	3.42508
2201	3.42508
2211	3.42508
2221	3.42508
2231	3.42508
2241	3.42508
2251	3.42508
2261	3.42508
2271	3.42508
2281	3.42508
2291	3.42508
2301	3.42508
2311	3.42508
2321	3.42508
2331	3.42508
2341	3.42508
2351	3.42508
2361	3.42508
2371	3.42508
2381	3.42508
2391	3.42508
2401	3.42508
2411	3.42508
2421	3.42508
2431	3.42508
2441	3.42508
2451	3.42508
2461	3.42508
2471	3.42508
2481	3.42508
2491	3.42508
2501	3.42508
2511	3.42508
2521	3.42508
2531	3.42508
2541	3.42508
2551	3.42508
2561	3.42508
2571	3.42508
2581	3.42508
2591	3.42508
2601	3.42508
2611	3.42508
2621	3.42508
2631	3.42508
2641	3.42508
2651	3.42508
2661	3.42508
2671	3.42508
2681	3.42508
2691	3.42508
2701	3.42508
2711	3.42508
2721	3.42508
2731	3.42508
2741	3.42508
2751	3.42508
2761	3.42508
2771	3.42508
2781	3.42508
2791	3.42508
2801	3.42508
2811	3.42508
2821	3.42508
2831	3.42508
2841	3.42508
2851	3.42508
2861	3.42508
2871	3.42508
2881	3.42508
2891	3.42508
2901	3.42508
2911	3.42508
2921	3.42508
2931	3.42508
2941	3.42508
2951	3.42508
2961	3.42508
2971	3.42508
2981	3.42508
2991	3.42508
3001	3.42508
3011	3.42508
3021	3.42508
3031	3.42508
3041	3.42508
3051	3.42508
3061	3.42508
3071	3.42508
3081	3.42508
3091	3.42508
3101	3.42508
3111	3.42508
3121	3.42508
3131	3.42508
3141	3.42508
3151	3.42508
3161	3.42508
3171	3.42508
3181	3.42508
3191	3.42508
3201	3.42508
3211	3.42508
3221	3.42508
3231	3.42508
3241	3.42508
3251	3.42508
3261	3.42508
3271	3.42508
3281	3.42508
3291	3.42508
3301	3.42508
3311	3.42508
3321	3.42508
3331	3.42508
3341	3.42508
3351	3.42508
3361	3.42508
3371	3.42508
3381	3.42508
3391	3.42508
3401	3.42508
3411	3.42508
3421	3.42508
3431	3.42508
3441	3.42508
3451	3.42508
3461	3.42508
3471	3.42508
3481	3.42508
3491	3.42508
3501	3.42508
3511	3.42508
3521	3.42508
3531	3.42508
3541	3.42508
3551	3.42508
3561	3.42508
3571	3.42508
3581	3.42508
3591	3.42508
3601	3.42508
3611	3.42508
3621	3.42508
3631	3.42508
3641	3.42508
3651	3.42508
3661	3.42508
3671	3.42508
3681	3.42508
3691	3.42508
3701	3.42508
3711	3.42508
3721	3.42508
3731	3.42508
3741	3.42508
3751	3.42508
3761	3.42508
3771	3.42508
3781	3.42508
3791	3.42508
3801	3.42508
3811	3.42508
3821	3.42508
3831	3.42508
3841	3.42508
3851	3.42508
3861	3.42508
3871	3.42508
3881	3.42508
3891	3.42508
3901	3.42508
3911	3.42508
3921	3.42508
3931	3.42508
3941	3.42508
3951	3.42508
3961	3.42508
3971	3.42508
3981	3.42508
3991	3.42508
4001	3.42508
4011	3.42508
4021	3.42508
4031	3.42508
4041	3.42508
4051	3.42508
4061	3.42508
4071	3.42508
4081	3.42508
4091	3.42508
4101	3.42508
4111	3.42508
4121	3.42508
4131	3.42508
4141	3.42508
4151	3.42508
4161	3.42508
4171	3.42508
4181	3.42508
4191	3.42508
4201	3.42508
4211	3.42508
4221	3.42508
4231	3.42508
4241	3.42508
4251	3.42508
4261	3.42508
4271	3.42508
4281	3.42508
4291	3.42508
4301	3.42508
4311	3.42508
4321	3.42508
4331	3.42508
4341	3.42508
4351	3.42508
4361	3.42508
4371	3.42508
4381	3.42508
4391	3.42508
4401	3.42508
4411	3.42508
4421	3.42508
4431	3.42508
4441	3.42508
4451	3.42508
4461	3.42508
4471	3.42508
4481	3.42508
4491	3.42508
4501	3.42508
4511	3.42508
4521	3.42508
4531	3.42508
4541	3.42508
4551	3.42508
4561	3.42508
4571	3.42508
4581	3.42508
4591	3.42508
4601	3.42508
4611	3.42508
4621	3.42508
4631	3.42508
4641	3.42508
4651	3.42508
4661	3.42508
4671	3.42508
4681	3.42508
4691	3.42508
4701	3.42508
4711	3.42508
4721	3.42508
4731	3.42508
4741	3.42508
4751	3.42508
4761	3.42508
4771	3.42508
4781	3.42508
4791	3.42508
4801	3.42508
4811	3.42508
4821	3.42508
4831	3.42508
4841	3.42508
4851	3.42508
4861	3.42508
4871	3.42508
4881	3.42508
4891	3.42508
4901	3.42508
4911	3.42508
4921	3.42508
4931	3.42508
4941	3.42508
4951	3.42508
4961	3.42508
4971	3.42508
4981	3.42508
4991	3.42508
5001	3.42508
5011	3.42508
5021	3.42508
5031	3.42508
5041	3.42508
5051	3.42508
5061	3.42508
5071	3.42508
5081	3.42508
5091	3.42508
5101	3.42508
5111	3.42508
5121	3.42508
5131	3.42508
5141	3.42508
5151	3.42508
5161	3.42508
5171	3.42508
5181	3.42508
5191	3.42508
5201	3.42508
5211	3.42508
5221	3.42508
5231	3.42508
5241	3.42508
5251	3.42508
5261	3.42508
5271	3.42508
5281	3.42508
5291	3.42508
5301	3.42508
5311	3.42508
5321	3.42508
5331	3.42508
5341	3.42508
5351	3.42508
5361	3.42508
5371	3.42508
5381	3.42508
5391	3.42508
5401	3.42508
5411	3.42508
5421	3.42508
5431	3.42508
5441	3.42508
5451	3.42508
5461	3.42508
5471	3.42508
5481	3.42508
5491	3.42508
5501	3.42508
5511	3.42508
5521	3.42508
5531	3.42508
5541	3.42508
5551	3.42508
5561	3.42508
5571	3.42508
5581	3.42508
5591	3.42508
5601	3.42508
5611	3.42508
5621	3.42508
5631	3.42508
5641	3.42508
5651	3.42508
5661	3.42508
5671	3.42508
5681	3.42508
5691	3.42508
5701	3.42508
5711	3.42508
5721	3.42508
5731	3.42508
5741	3.42508
5751	3.42508
5761	3.42508
5771	3.42508
5781	3.42508
5791	3.42508
5801	3.42508
5811	3.42508
5821	3.42508
5831	3.42508
5841	3.42508
5851	3.42508
5861	3.42508
5871	3.42508
5881	3.42508
5891	3.42508
5901	3.42508
5911	3.42508
5921	3.42508
5931	3.42508
5941	3.42508
5951	3.42508
5961	3.42508
5971	3.42508
5981	3.42508
5991	3.42508
6001	3.42508
6011	3.42508
6021	3.42508
6031	3.42508
6041	3.42508
6051	3.42508
6061	3.42508
6071	3.42508
6081	3.42508
6091	3.42508
6101	3.42508
6111	3.42508
6121	3.42508
6131	3.42508
6141	3.42508
6151	3.42508
6161	3.42508
6171	3.42508
6181	3.42508
6191	3.42508
6201	3.42508
6211	3.42508
6221	3.42508
6231	3.42508
6241	3.42508
6251	3.42508
6261	3.42508
6271	3.42508
6281	3.42508
6291	3.42508
6301	3.42508
6311	3.42508
6321	3.42508
6331	3.42508
6341	3.42508
6351	3.42508
6361	3.42508
6371	3.42508
6381	3.42508
6391	3.42508
6401	3.42508
6411	3.42508
6421	3.42508
6431	3.42508
6441	3.42508
6451	3.42508
6461	3.42508
6471	3.42508
6481	3.42508
6491	3.42508
6501	3.42508
6511	3.42508
6521	3.42508
6531	3.42508
6541	3.42508
6551	3.42508
6561	3.42508
6571	3.42508
6581	3.42508
6591	3.42508
6601	3.42508
6611	3.42508
6621	3.42508
6631	3.42508
6641	3.42508
6651	3.42508
6661	3.42508
6671	3.42508
6681	3.42508
6691	3.42508
6701	3.42508
6711	3.42508
6721	3.42508
6731	3.42508
6741	3.42508
6751	3.42508
6761	3.42508
6771	3.42508
6781	3.42508
6791	3.42508
6801	3.42508
6811	3.42508
6821	3.42508
6831	3.42508
6841	3.42508
6851	3.42508
6861	3.42508
6871	3.42508
6881	3.42508
6891	3.42508
6901	3.42508
6911	3.42508
6921	3.42508
6931	3.42508
6941	3.42508
6951	3.42508
6961	3.42508
6971	3.42508
6981	3.42508
6991	3.42508
7001	3.42508
7011	3.42508
7021	3.42508
7031	3.42508
7041	3.42508
7051	3.42508
7061	3.42508
7071	3.42508
7081	3.42508
7091	3.42508
7101	3.42508
7111	3.42508
7121	3.42508
7131	3.42508
7141	3.42508
7151	3.42508
7161	3.42508
7171	3.42508
7181	3.42508
7191	3.42508
7201	3.42508
7211	3.42508
7221	3.42508
7231	3.42508
7241	3.42508
7251	3.42508
7261	3.42508
7271	3.42508
7281	3.42508
7291	3.42508
7301	3.42508
7311	3.42508
7321	3.42508
7331	3.42508
7341	3.42508
7351	3.42508
7361	3.42508
7371	3.42508
7381	3.42508
7391	3.42508
7401	3.42508
7411	3.42508
7421	3.42508
7431	3.42508
7441	3.42508
7451	3.42508
7461	3.42508
7471	3.42508
7481	3.42508
7491	3.42508
7501	3.42508
7511	3.42508
7521	3.42508
7531	3.42508
7541	3.42508
7551	3.42508
7561	3.42508
7571	3.42508
7581	3.42508
7591	3.42508
7601	3.42508
7611	3.42508
7621	3.42508
7631	3.42508
7641	3.42508
7651	3.42508
7661	3.42508
7671	3.42508
7681	3.42508
7691	3.42508
7701	3.42508
7711	3.42508
7721	3.42508
7731	3.42508
7741	3.42508
7751	3.42508
7761	3.42508
7771	3.42508
7781	3.42508
7791	3.42508
7801	3.42508
7811	3.42508
7821	3.42508
7831	3.42508
7841	3.42508
7851	3.42508
7861	3.42508
7871	3.42508
7881	3.42508
7891	3.42508
7901	3.42508
7911	3.42508
7921	3.42508
7931	3.42508
7941	3.42508
7951	3.42508
7961	3.42508
7971	3.42508
7981	3.42508
7991	3.42508
8001	3.42508
8011	3.42508
8021	3.42508
8031	3.42508
8041	3.42508
8051	3.42508
8061	3.42508
8071	3.42508
8081	3.42508
8091	3.42508
8101	3.42508
8111	3.42508
8121	3.42508
8131	3.42508
8141	3.42508
8151	3.42508
8161	3.42508
8171	3.42508
8181	3.42508
8191	3.42508
8201	3.42508
8211	3.42508
8221	3.42508
8231	3.42508
8241	3.42508
8251	3.42508
8261	3.42508
8271	3.42508
8281	3.42508
8291	3.42508
8301	3.42508
8311	3.42508
8321	3.42508
8331	3.42508
8341	3.42508
8351	3.42508
8361	3.42508
8371	3.42508
8381	3.42508
8391	3.42508
8401	3.42508
8411	3.42508
8421	3.42508
8431	3.42508
8441	3.42508
8451	3.42508
8461	3.42508
8471	3.42508
8481	3.42508
8491	3.42508
8501	3.42508
8511	3.42508
8521	3.42508
8531	3.42508
8541	3.42508
8551	3.42508
8561	3.42508
8571	3.42508
8581	3.42508
8591	3.42508
8601	3.42508
8611	3.42508
8621	3.42508
8631	3.42508
8641	3.42508
8651	3.42508
8661	3.42508
8671	3.42508
8681	3.42508
8691	3.42508
8701	3.42508
8711	3.42508
8721	3.42508
8731	3.42508
8741	3.42508
8751	3.42508
8761	3.42508
8771	3.42508
8781	3.42508
8791	3.42508
8801	3.42508
8811	3.42508
8821	3.42508
8831	3.42508
8841	3.42508
8851	3.42508
8861	3.42508
8871	3.42508
8881	3.42508
8891	3.42508
8901	3.42508
8911	3.42508
8921	3.42508
8931	3.42508
8941	3.42508
8951	3.42508
8961	3.42508
8971	3.42508
8981	3.42508
8991	3.42508
9001	3.42508
9011	3.42508
9021	3.42508
9031	3.42508
9041	3.42508
9051	3.42508
9061	3.42508
9071	3.42508
9081	3.42508
9091	3.42508
9101	3.42508
9111	3.42508
9121	3.42508
9131	3.42508
9141	3.42508
9151	3.42508
9161	3.42508
9171	3.42508
9181	3.42508
9191	3.42508
9201	3.42508
9211	3.42508
9221	3.42508
9231	3.42508
9241	3.42508
9251	3.42508
9261	3.42508
9271	3.42508
9281	3.42508
9291	3.42508
9301	3.42508
9311	3.42508
9321	3.42508
9331	3.42508
9341	3.42508
9351	3.42508
9361	3.42508
9371	3.42508
9381	3.42508
9391	3.42508
9401	3.42508
9411	3.42508
9421	3.42508
9431	3.42508
9441	3.42508
9451	3.42508
9461	3.42508
9471	3.42508
9481	3.42508
9491	3.42508
9501	3.42508
9511	3.42508
9521	3.42508
9531	3.42508
9541	3.42508
9551	3.42508
9561	3.42508
9571	3.42508
9581	3.42508
9591	3.42508
9601	3.42508
9611	3.42508
9621	3.42508
9631	3.42508
9641	3.42508
9651	3.42508
9661	3.42508
9671	3.42508
9681	3.42508
9691	3.42508
9701	3.42508
9711	3.42508
9721	3.42508
9731	3.42508
9741	3.42508
9751	3.42508
9761	3.42508
9771	3.42508
9781	3.42508
9791	3.42508
9801	3.42508
9811	3.42508
9821	3.42508
9831	3.42508
9841	3.42508
9851	3.42508
9861	3.42508
9871	3.42508
9881	3.42508
9891	3.42508
9901	3.42508
9911	3.42508
9921	3.42508
9931	3.42508
9941	3.42508
9951	3.42508
9961	3.42508
9971	3.42508
9981	3.42508
9991	3.42508
10001	3.42508
10011	3.42508
10021	3.42508
10031	3.42508
10041	3.42508
10051	3.42508
10061	3.42508
10071	3.42508
10081	3.42508
10091	3.42508
10101	3.42508
10111	3.42508
10121	3.42508
10131	3.42508
10141	3.42508
10151	3.42508
10161	3.42508
10171	3.42508
10181	3.42508
10191	3.42508
10201	3.42508
10211	3.42508
10221	3.42508
10231	3.42508
10241	3.42508
10251	3.42508
10261	3.42508
10271	3.42508
10281	3.42508
10291	3.42508
10301	3.42508
10311	3.42508
10321	3.42508
10331	3.42508
10341	3.42508
10351	3.42508
10361	3.42508
10371	3.42508
10381	3.42508
10391	3.42508
10401	3.42508
10411	3.42508
10421	3.42508
10431	3.42508
10441	3.42508
10451	3.42508
10461	3.42508
10471	3.42508
10481	3.42508
10491	3.42508
10501	3.42508
10511	3.42508
10521	3.42508
10531	3.42508
10541	3.42508
10551	3.42508
10561	3.42508
10571	3.42508
10581	3.42508
10591	3.42508
10601	3.42508
10611	3.42508
10621	3.42508
10631	3.42508
10641	3.42508
10651	3.42508
10661	3.42508
10671	3.42508
10681	3.42508
10691	3.42508
10701	3.42508
10711	3.42508
10721	3.42508
10731	3.42508
10741	3.42508
10751	3.42508
10761	3.42508
10771	3.42508
10781	3.42508
10791	3.42508
10801	3.42508
10811	3.42508
10821	3.42508
10831	3.42508
10841	3.42508
10851	3.42508
10861	3.42508
10871	3.42508
10881	3.42508
10891	3.42508
10901	3.42508
10911	3.42508
10921	3.42508
10931	3.42508
10941	3.42508
10951	3.42508
10961	3.42508
10971	3.42508
10981	3.42508
10991	3.42508
11001	3.42508
11011	3.42508
11021	3.42508
11031	3.42508
11041	3.42508
11051	3.42508
11061	3.42508
11071	3.42508
11081	3.42508
11091	3.42508
11101	3.42508
11111	3.42508
11121	3.42508
11131	3.42508
11141	3.42508
11151	3.42508
11161	3.42508
11171	3.42508
11181	3.42508
11191	3.42508
11201	3.42508
11211	3.42508
11221	3.42508
11231	3.42508
11241	3.42508
11251	3.42508
11261	3.42508
11271	3.42508
11281	3.42508
11291	3.42508
11301	3.42508
11311	3.42508
11321	3.42508
11331	3.42508
11341	3.42508
11351	3.42508
11361	3.42508
11371	3.42508
11381	3.42508
11391	3.42508
11401	3.42508
11411	3.42508
11421	3.42508
11431	3.42508
11441	3.42508
11451	3.42508
11461	3.42508
11471	3.42508
11481	3.42508
11491	3.42508
11501	3.42508
11511	3.42508
11521	3.42508
11531	3.42508
11541	3.42508
11551	3.42508
11561	3.42508
11571	3.42508
11581	3.42508
11591	3.42508
11601	3.42508
11611	3.42508
11621	3.42508
11631	3.42508
11641	3.42508
11651	3.42508
11661	3.42508
11671	3.42508
11681	3.42508
11691	3.42508
11701	3.42508
11711	3.42508
11721	3.42508
11731	3.42508
11741	3.42508
11751	3.42508
11761	3.42508
11771	3.42508
11781	3.42508
11791	3.42508
11801	3.42508
11811	3.42508
11821	3.42508
11831	3.42508
11841	3.42508
11851	3.42508
11861	3.42508
11871	3.42508
11881	3.42508
11891	3.42508
11901	3.42508
11911	3.42508
11921	3.42508
11931	3.42508
11941	3.42508
11951	3.42508
11961	3.42508
11971	3.42508
11981	3.42508
11991	3.42508
12001	3.42508
12011	3.42508
12021	3.42508
12031	3.42508
12041	3.42508
12051	3.42508
12061	3.42508
12071	3.42508
12081	3.42508
12091	3.42508
12101	3.42508
12111	3.42508
12121	3.42508
12131	3.42508
12141	3.42508
12151	3.42508
12161	3.42508
12171	3.42508
12181	3.42508
12191	3.42508
12201	3.42508
12211	3.42508
12221	3.42508
12231	3.42508
12241	3.42508
12251	3.42508
12261	3.42508
12271	3.42508
12281	3.42508
12291	3.42508
12301	3.42508
12311	3.42508
12321	3.42508
12331	3.42508
12341	3.42508
12351	3.42508
12361	3.42508
12371	3.42508
12381	3.42508
12391	3.42508
12401	3.42508
12411	3.42508
12421	3.42508
12431	3.42508
12441	3.42508
12451	3.42508
12461	3.42508
12471	3.42508
12481	3.42508
12491	3.42508
12501	3.42508
12511	3.42508
12521	3.42508
12531	3.42508
12541	3.42508
12551	3.42508
12561	3.42508
12571	3.42508
12581	3.42508
12591	3.42508
12601	3.42508
12611	3.42508
12621	3.42508
12631	3.42508
12641	3.42508
12651	3.42508
12661	3.42508
12671	3.42508
12681	3.42508
12691	3.42508
12701	3.42508
12711	3.42508
12721	3.42508
12731	3.42508
12741	3.42508
12751	3.42508
12761	3.42508
12771	3.42508
12781	3.42508
12791	3.42508
12801	3.42508
12811	3.42508
12821	3.42508
12831	3.42508
12841	3.42508
12851	3.42508
12861	3.42508
12871	3.42508
12881	1.3975
