17
27
34
16
26
34
36
15
27
33
36
15
28
35
35
16
27
34
16
26
33
35
15
26
33
36
16
27
33
35
16
27
34
36
15
27
33
36
17
29
34
17
28
35
36
16
27
33
36
16
27
33
14
27
32
35
17
27
34
36
16
26
34
35
15
26
33
35
15
26
34
36
16
27
34
36
15
27
34
36
17
28
34
36
17
27
35
36
15
25
31
35
15
27
33
17
28
33
35
17
28
35
36
15
25
33
36
16
26
33
35
16
28
32
36
16
26
26
14
24
14
23
14
24
15
25
15
25
15
24
15
26
16
25
16
25
15
26
15
26
16
15
26
16
26
15
26
15
25
15
25
14
24
15
24
16
16
25
15
25
14
25
14
24
15
26
16
25
14
24
16
24
15
26
12
19
23
23
12
20
13
20
23
12
20
23
13
19
23
12
19
12
19
23
11
19
23
12
20
12
20
12
20
12
19
23
23
12
20
23
12
19
13
20
12
20
12
19
13
20
23
23
12
20
23
11
19
22
23
12
19
12
20
23
12
19
23
11
18
22
11
20
13
20
13
20
23
12
20
11
20
23
13
19
23
17
28
17
28
15
26
15
27
29
15
27
29
16
27
16
28
16
27
15
28
17
27
16
27
16
27
17
27
17
28
15
27
17
28
16
26
16
27
29
16
26
17
28
16
28
17
28
15
26
29
16
28
15
27
16
26
15
27
16
28
17
27
16
27
15
25
15
26
16
26
16
27
16
26
15
27
16
24
16
27
15
25
16
27
16
26
16
26
17
27
16
26
15
23
15
26
15
26
16
26
16
27
15
26
16
26
15
26
15
26
15
24
16
25
15
26
16
27
15
26
15
26
15
26
16
27
15
26
16
27
15
26
15
26
31
16
27
15
25
16
26
31
16
27
16
27
31
31
15
26
16
27
31
16
26
17
27
31
16
27
16
27
17
26
31
16
27
16
28
17
26
16
27
15
26
16
27
15
26
15
26
31
31
16
27
15
26
16
27
16
26
31
16
27
17
28
34
17
27
34
16
28
15
27
34
16
28
16
28
34
16
26
34
16
26
32
17
29
15
27
34
16
27
16
27
34
16
28
34
16
27
34
15
27
34
16
28
34
16
28
34
15
26
33
16
27
34
16
26
32
15
26
34
16
27
34
17
29
16
28
16
27
16
27
34
16
28
34
17
28
16
27
16
26
33
16
28
14
25
16
27
15
27
31
16
27
17
27
17
27
16
26
15
26
16
26
16
27
17
27
15
25
15
27
16
28
15
25
16
25
16
26
16
27
31
15
27
16
26
31
15
25
14
26
16
28
15
26
31
15
26
14
26
15
25
31
15
25
15
24
31
11
19
23
12
20
23
12
19
13
20
23
12
19
23
11
18
23
11
19
22
23
12
20
12
19
23
13
21
13
21
12
20
23
12
19
23
11
18
22
12
19
23
11
19
12
20
23
11
19
23
12
20
12
19
23
11
19
23
23
13
20
12
20
23
12
19
11
18
23
11
19
12
20
10
20
23
12
20
23
12
19
23
