1	1.27103
11	1.63424
21	1.88333
31	1.96485
41	1.99457
51	2.07677
61	2.29857
71	2.66665
81	2.8536
91	2.92627
101	2.98405
111	3.05449
121	3.19831
131	3.4914
141	3.67975
151	3.79263
161	3.89691
171	3.97749
181	4.08041
191	4.29253
201	4.48008
211	4.62112
221	4.73319
231	4.83141
241	4.94541
251	5.03972
261	5.11012
271	5.263
281	5.41785
291	5.5562
301	5.72308
311	5.89632
321	5.99487
331	6.04616
341	6.16565
351	6.26216
361	6.39909
371	6.55093
381	6.66457
391	6.8142
401	6.98941
411	7.0958
421	7.16329
431	7.26165
441	7.37239
451	7.53756
461	7.67829
471	7.82216
481	7.90695
491	8.04268
501	8.12208
511	8.19393
521	8.33703
531	8.45308
541	8.54761
551	8.69124
561	8.82183
571	8.89948
581	9.02063
591	9.1218
601	9.21555
611	9.31301
621	9.37549
631	9.47175
641	9.55519
651	9.61153
661	9.83875
671	9.99911
681	10.1096
691	10.2117
701	10.3136
711	10.3879
721	10.5376
731	10.6549
741	10.8276
751	10.979
761	11.0458
771	11.1174
781	11.2098
791	11.2765
801	11.3602
811	11.5314
821	11.6943
831	11.8473
841	12.0134
851	12.1266
861	12.2042
871	12.2859
881	12.3454
891	12.4266
901	12.5958
911	12.7577
921	12.893
931	13.0314
941	13.1117
951	13.1815
961	13.26
971	13.3853
981	13.4953
991	13.6797
1001	13.8082
1011	13.8779
1021	13.9851
1031	14.0681
1041	14.1573
1051	14.2864
1061	14.4472
1071	14.5701
1081	14.7255
1091	14.8492
1101	14.9409
1111	15.0206
1121	15.0915
1131	15.1831
1141	15.3311
1151	15.4601
1161	15.6014
1171	15.7385
1181	15.8362
1191	15.8936
1201	16.0117
1211	16.1127
1221	16.2088
1231	16.293
1241	16.3381
1251	16.4234
1261	16.5316
1271	16.6083
1281	16.7263
1291	16.8374
1301	16.9982
1311	17.1175
1321	17.2262
1331	17.3198
1341	17.4167
1351	17.4911
1361	17.5726
1371	17.6803
1381	17.8158
1391	17.9386
1401	18.0493
1411	18.1579
1421	18.26
1431	18.3543
1441	18.4137
1451	18.5095
1461	18.6286
1471	18.7432
1481	18.8495
1491	18.9603
1501	19.0686
1511	19.159
1521	19.2844
1531	19.3802
1541	19.4956
1551	19.5822
1561	19.6794
1571	19.8089
1581	19.9166
1591	20.0226
1601	20.1539
1611	20.2432
1621	20.3249
1631	20.4424
1641	20.6069
1651	20.7204
1661	20.8345
1671	20.9238
1681	21.0101
1691	21.0888
1701	21.1472
1711	21.2149
1721	21.3295
1731	21.4649
1741	21.6236
1751	21.7763
1761	21.9175
1771	22.0336
1781	22.1109
1791	22.1962
1801	22.2638
1811	22.338
1821	22.427
1831	22.5196
1841	22.588
1851	22.6671
1861	22.7887
1871	22.9338
1881	23.0823
1891	23.1939
1901	23.302
1911	23.3868
1921	23.4831
1931	23.6141
1941	23.7212
1951	23.7965
1961	23.8814
1971	23.9705
1981	24.1142
1991	24.2541
2001	24.3558
2011	24.4532
2021	24.526
2031	24.6625
2041	24.7554
2051	24.8658
2061	25.0298
2071	25.1872
2081	25.3203
2091	25.4153
2101	25.4828
2111	25.5935
2121	25.679
2131	25.7722
2141	25.8669
2151	25.9955
2161	26.1023
2171	26.237
2181	26.3801
2191	26.5489
2201	26.6736
2211	26.7536
2221	26.8313
2231	26.8736
2241	26.9296
2251	27.0005
2261	27.1808
2271	27.3587
2281	27.5733
2291	27.6897
2301	27.7544
2311	27.8126
2321	27.8707
2331	27.9647
2341	28.0706
2351	28.1785
2361	28.3195
2371	28.4646
2381	28.5784
2391	28.6377
2401	28.7039
2411	28.7711
2421	28.8222
2431	28.878
2441	28.9526
2451	29.0841
2461	29.2046
2471	29.302
2481	29.4125
2491	29.5442
2501	29.6033
2511	29.6688
2521	29.7791
2531	29.9032
2541	29.9832
2551	30.0758
2561	30.1784
2571	30.3518
2581	30.4685
2591	30.5546
2601	30.6411
2611	30.7389
2621	30.8248
2631	30.9434
2641	31.0746
2651	31.1878
2661	31.3011
2671	31.4273
2681	31.5216
2691	31.604
2701	31.7233
2711	31.8435
2721	31.9694
2731	32.0543
2741	32.1422
2751	32.2579
2761	32.3484
2771	32.4397
2781	32.5889
2791	32.7128
2801	32.827
2811	32.9469
2821	33.0592
2831	33.1494
2841	33.2361
2851	33.3189
2861	33.3972
2871	33.5557
2881	33.7022
2891	33.7869
2901	33.8758
2911	33.9629
2921	34.0743
2931	34.2148
2941	34.3375
2951	34.4021
2961	34.5013
2971	34.5873
2981	34.7002
2991	34.8035
3001	34.9122
3011	35.0137
3021	35.0964
3031	35.1554
3041	35.2217
3051	35.291
3061	35.3897
3071	35.5455
3081	35.7078
3091	35.8194
3101	35.9
3111	35.9616
3121	36.0675
3131	36.1609
3141	36.2509
3151	36.3668
3161	36.4772
3171	36.5982
3181	36.725
3191	36.8216
3201	36.932
3211	37.0379
3221	37.1324
3231	37.1811
3241	37.2361
3251	37.3467
3261	37.4975
3271	37.6616
3281	37.789
3291	37.8915
3301	37.9774
3311	38.056
3321	38.1099
3331	38.217
3341	38.3154
3351	38.4275
3361	38.5783
3371	38.7249
3381	38.8208
3391	38.9234
3401	39.064
3411	39.1703
3421	39.2512
3431	39.328
3441	39.4301
3451	39.5253
3461	39.6408
3471	39.7495
3481	39.8779
3491	39.99
3501	40.0843
3511	40.1798
3521	40.3128
3531	40.4092
3541	40.4893
3551	40.5534
3561	40.6951
3571	40.8198
3581	40.9133
3591	41.0153
3601	41.1267
3611	41.2328
3621	41.2928
3631	41.3607
3641	41.4167
3651	41.5011
3661	41.6115
3671	41.7402
3681	41.8807
3691	42.0599
3701	42.1822
3711	42.2683
3721	42.3374
3731	42.4056
3741	42.4849
3751	42.6124
3761	42.7858
3771	42.8971
3781	42.9937
3791	43.0959
3801	43.2164
3811	43.2819
3821	43.3877
3831	43.4878
3841	43.6053
3851	43.6974
3861	43.8029
3871	43.9254
3881	43.9886
3891	44.1147
3901	44.2308
3911	44.3605
3921	44.4622
3931	44.5852
3941	44.7239
3951	44.8026
3961	44.9166
3971	44.9825
3981	45.0733
3991	45.1737
4001	45.2743
4011	45.3578
4021	45.4861
4031	45.6272
4041	45.7519
4051	45.8878
4061	45.9805
4071	46.076
4081	46.1696
4091	46.2718
4101	46.3682
4111	46.5156
4121	46.6244
4131	46.7385
4141	46.8458
4151	46.9062
4161	47.0037
4171	47.1088
4181	47.2301
4191	47.3598
4201	47.5444
4211	47.6362
4221	47.7118
4231	47.765
4241	47.8003
4251	47.8471
4261	47.9279
4271	48.0001
4281	48.1229
4291	48.2508
4301	48.3648
4311	48.5218
4321	48.6081
4331	48.7191
4341	48.8045
4351	48.8952
4361	48.9913
4371	49.0936
4381	49.1875
4391	49.3028
4401	49.4157
4411	49.5457
4421	49.6668
4431	49.7678
4441	49.8753
4451	49.977
4461	50.118
4471	50.2288
4481	50.3426
4491	50.4257
4501	50.4891
4511	50.5965
4521	50.734
4531	50.8389
4541	50.9462
4551	51.0487
4561	51.1845
4571	51.3119
4581	51.4077
4591	51.4743
4601	51.5838
4611	51.6438
4621	51.7146
4631	51.8162
4641	51.984
4651	52.1416
4661	52.2906
4671	52.3936
4681	52.4991
4691	52.6068
4701	52.6679
4711	52.7473
4721	52.8494
4731	52.9956
4741	53.115
4751	53.2461
4761	53.3691
4771	53.468
4781	53.5531
4791	53.6357
4801	53.7565
4811	53.8679
4821	54.0143
4831	54.0987
4841	54.1706
4851	54.2287
4861	54.3154
4871	54.4358
4881	54.5295
4891	54.6451
4901	54.818
4911	54.9844
4921	55.0737
4931	55.1398
4941	55.2331
4951	55.2943
4961	55.384
4971	55.4701
4981	55.5745
4991	55.7053
5001	55.837
5011	55.9306
5021	56.0465
5031	56.1371
5041	56.2495
5051	56.3283
5061	56.4297
5071	56.5216
5081	56.6203
5091	56.7081
5101	56.7711
5111	56.9351
5121	57.0848
5131	57.232
5141	57.3348
5151	57.4341
5161	57.512
5171	57.6164
5181	57.6785
5191	57.7877
5201	57.945
5211	58.036
5221	58.1121
5231	58.1988
5241	58.3319
5251	58.4739
5261	58.5943
5271	58.6985
5281	58.8124
5291	58.8927
5301	58.9837
5311	59.0985
5321	59.2228
5331	59.3068
5341	59.4222
5351	59.552
5361	59.6858
5371	59.7831
5381	59.8681
5391	59.9637
5401	60.036
5411	60.1307
5421	60.1838
5431	60.2686
5441	60.3521
5451	60.4395
5461	60.5518
5471	60.6835
5481	60.788
5491	60.8666
5501	61.0013
5511	61.0909
5521	61.1693
5531	61.2764
5541	61.3595
5551	61.4562
5561	61.5508
5571	61.6463
5581	61.7742
5591	61.8854
5601	61.9786
5611	62.0925
5621	62.2
5631	62.2904
5641	62.3828
5651	62.4649
5661	62.53
5671	62.6419
5681	62.7773
5691	62.9046
5701	63.0389
5711	63.1418
5721	63.2252
5731	63.3126
5741	63.3581
5751	63.4486
5761	63.5709
5771	63.7152
5781	63.811
5791	63.9187
5801	64.0604
5811	64.1355
5821	64.2185
5831	64.2805
5841	64.3441
5851	64.4443
5861	64.5665
5871	64.6949
5881	64.8441
5891	64.9705
5901	65.0646
5911	65.1775
5921	65.2549
5931	65.3106
5941	65.4047
5951	65.5651
5961	65.676
5971	65.8105
5981	65.8917
5991	65.9437
6001	65.9999
6011	66.1258
6021	66.2183
6031	66.2702
6041	66.3317
6051	66.4234
6061	66.587
6071	66.6801
6081	66.7699
6091	66.8585
6101	66.9327
6111	67.043
6121	67.1358
6131	67.2657
6141	67.3975
6151	67.4921
6161	67.579
6171	67.6666
6181	67.7813
6191	67.8416
6201	67.9485
6211	68.0482
6221	68.1139
6231	68.2264
6241	68.347
6251	68.4402
6261	68.5263
6271	68.6028
6281	68.6749
6291	68.7334
6301	68.8245
6311	68.9397
6321	69.0548
6331	69.1587
6341	69.2844
6351	69.3763
6361	69.4856
6371	69.5956
6381	69.6622
6391	69.7701
6401	69.8499
6411	69.9428
6421	70.0314
6431	70.1409
6441	70.2449
6451	70.3567
6461	70.4447
6471	70.5269
6481	70.6372
6491	70.7601
6501	70.8868
6511	71.0071
6521	71.1259
6531	71.231
6541	71.3092
6551	71.382
6561	71.4676
6571	71.5652
6581	71.6687
6591	71.7624
6601	71.8837
6611	72.0126
6621	72.1033
6631	72.1673
6641	72.2122
6651	72.2523
6661	72.2765
6671	72.3717
6681	72.5372
6691	72.6857
6701	72.8174
6711	72.9346
6721	73.0159
6731	73.0608
6741	73.1103
6751	73.1814
6761	73.2984
6771	73.379
6781	73.5162
6791	73.6657
6801	73.7999
6811	73.896
6821	73.964
6831	74.0452
6841	74.1139
6851	74.1678
6861	74.2466
6871	74.3213
6881	74.4201
6891	74.5668
6901	74.651
6911	74.7451
6921	74.8595
6931	74.9578
6941	75.0582
6951	75.1646
6961	75.2487
6971	75.3332
6981	75.4815
6991	75.6194
7001	75.7365
7011	75.8281
7021	75.9484
7031	76.0302
7041	76.1083
7051	76.2353
7061	76.3385
7071	76.4575
7081	76.5887
7091	76.7278
7101	76.8181
7111	76.8733
7121	76.9532
7131	77.0546
7141	77.1546
7151	77.2251
7161	77.3913
7171	77.5084
7181	77.5842
7191	77.7005
7201	77.8173
7211	77.9136
7221	78.0007
7231	78.0882
7241	78.1683
7251	78.2237
7261	78.3162
7271	78.3968
7281	78.4495
7291	78.5566
7301	78.6507
7311	78.7592
7321	78.8465
7331	78.9499
7341	79.06
7351	79.184
7361	79.27
7371	79.3967
7381	79.4937
7391	79.568
7401	79.6633
7411	79.7415
7421	79.8422
7431	79.947
7441	80.05
7451	80.198
7461	80.331
7471	80.435
7481	80.4925
7491	80.5488
7501	80.6561
7511	80.7751
7521	80.8781
7531	80.9754
7541	81.1129
7551	81.2315
7561	81.3081
7571	81.3871
7581	81.4936
7591	81.5839
7601	81.6583
7611	81.7625
7621	81.8819
7631	82.0504
7641	82.1536
7651	82.2589
7661	82.3139
7671	82.4187
7681	82.4903
7691	82.565
7701	82.6339
7711	82.7473
7721	82.8867
7731	82.9708
7741	83.0987
7751	83.2334
7761	83.3671
7771	83.4729
7781	83.5514
7791	83.629
7801	83.7122
7811	83.8441
7821	83.9701
7831	84.0747
7841	84.1768
7851	84.238
7861	84.3299
7871	84.4188
7881	84.4807
7891	84.6075
7901	84.7219
7911	84.8558
7921	84.9634
7931	85.0559
7941	85.1343
7951	85.2309
7961	85.3063
7971	85.4174
7981	85.5197
7991	85.6258
8001	85.7543
8011	85.8805
8021	85.9552
8031	85.9978
8041	86.0941
8051	86.223
8061	86.3352
8071	86.4657
8081	86.5683
8091	86.6576
8101	86.7771
8111	86.8942
8121	87.0079
8131	87.1253
8141	87.2205
8151	87.3288
8161	87.4439
8171	87.5686
8181	87.6423
8191	87.7069
8201	87.7961
8211	87.8958
8221	88.0249
8231	88.128
8241	88.2615
8251	88.3708
8261	88.4975
8271	88.5773
8281	88.6709
8291	88.7803
8301	88.8868
8311	88.9862
8321	89.0542
8331	89.1495
8341	89.219
8351	89.3145
8361	89.3998
8371	89.5262
8381	89.6448
8391	89.7775
8401	89.9156
8411	89.9982
8421	90.0919
8431	90.1614
8441	90.1877
8451	90.2401
8461	90.2947
8471	90.3917
8481	90.531
8491	90.6722
8501	90.8011
8511	90.9226
8521	90.9803
8531	91.0491
8541	91.1468
8551	91.2313
8561	91.3182
8571	91.4188
8581	91.5446
8591	91.6904
8601	91.8153
8611	91.8983
8621	91.9786
8631	92.1368
8641	92.2324
8651	92.3127
8661	92.3637
8671	92.4787
8681	92.5885
8691	92.6729
8701	92.7586
8711	92.825
8721	92.9436
8731	93.0425
8741	93.1465
8751	93.235
8761	93.342
8771	93.4482
8781	93.5656
8791	93.6754
8801	93.7708
8811	93.8351
8821	93.9481
8831	94.0533
8841	94.1609
8851	94.3003
8861	94.3863
8871	94.4601
8881	94.5487
8891	94.644
8901	94.7215
8911	94.8167
8921	94.8967
8931	94.9518
8941	95.0761
8951	95.1833
8961	95.2786
8971	95.3406
8981	95.4453
8991	95.5658
9001	95.6594
9011	95.7503
9021	95.8758
9031	96.0061
9041	96.0817
9051	96.1574
9061	96.2351
9071	96.3329
9081	96.4121
9091	96.496
9101	96.6097
9111	96.7574
9121	96.9054
9131	97.0226
9141	97.1283
9151	97.2217
9161	97.2803
9171	97.3659
9181	97.4823
9191	97.6096
9201	97.7013
9211	97.8203
9221	97.9134
9231	97.9983
9241	98.0615
9251	98.1239
9261	98.2165
9271	98.3528
9281	98.4843
9291	98.5577
9301	98.6309
9311	98.7149
9321	98.783
9331	98.8617
9341	98.9227
9351	99.0438
9361	99.1739
9371	99.2889
9381	99.4127
9391	99.514
9401	99.5772
9411	99.6568
9421	99.7533
9431	99.8604
9441	100.002
9451	100.1
9461	100.234
9471	100.345
9481	100.411
9491	100.457
9501	100.535
9511	100.614
9521	100.694
9531	100.829
9541	100.949
9551	101.067
9561	101.191
9571	101.287
9581	101.361
9591	101.417
9601	101.5
9611	101.599
9621	101.705
9631	101.777
9641	101.84
9651	101.885
9661	101.907
9671	101.949
9681	102.045
9691	102.171
9701	102.28
9711	102.378
9721	102.468
9731	102.556
9741	102.651
9751	102.726
9761	102.842
9771	102.974
9781	103.1
9791	103.208
9801	103.279
9811	103.344
9821	103.427
9831	103.501
9841	103.584
9851	103.706
9861	103.809
9871	103.927
9881	104.035
9891	104.112
9901	104.203
9911	104.296
9921	104.396
9931	104.493
9941	104.568
9951	104.668
9961	104.771
9971	104.881
9981	104.934
9991	105.001
10001	105.151
10011	105.251
10021	105.304
10031	105.4
10041	105.536
10051	105.646
10061	105.721
10071	105.83
10081	105.923
10091	106.023
10101	106.117
10111	106.196
10121	106.286
10131	106.379
10141	106.476
10151	106.561
10161	106.686
10171	106.78
10181	106.887
10191	106.961
10201	107.02
10211	107.099
10221	107.219
10231	107.352
10241	107.435
10251	107.497
10261	107.573
10271	107.654
10281	107.779
10291	107.888
10301	107.966
10311	108.112
10321	108.248
10331	108.359
10341	108.41
10351	108.462
10361	108.505
10371	108.574
10381	108.691
10391	108.787
10401	108.949
10411	109.135
10421	109.274
10431	109.34
10441	109.422
10451	109.477
10461	109.533
10471	109.626
10481	109.73
10491	109.812
10501	109.938
10511	110.073
10521	110.18
10531	110.279
10541	110.373
10551	110.439
10561	110.524
10571	110.618
10581	110.747
10591	110.849
10601	110.918
10611	110.958
10621	111.05
10631	111.133
10641	111.24
10651	111.352
10661	111.449
10671	111.545
10681	111.623
10691	111.657
10701	111.722
10711	111.836
10721	111.925
10731	112.018
10741	112.174
10751	112.297
10761	112.391
10771	112.495
10781	112.576
10791	112.646
10801	112.744
10811	112.803
10821	112.871
10831	112.95
10841	113.031
10851	113.109
10861	113.165
10871	113.21
10881	113.322
10891	113.392
10901	113.462
10911	113.52
10921	113.654
10931	113.786
10941	113.923
10951	114.03
10961	114.099
10971	114.165
10981	114.256
10991	114.336
11001	114.415
11011	114.488
11021	114.557
11031	114.695
11041	114.811
11051	114.925
11061	115.051
11071	115.136
11081	115.191
11091	115.248
11101	115.312
11111	115.347
11121	115.431
11131	115.585
11141	115.731
11151	115.873
11161	116.017
11171	116.093
11181	116.187
11191	116.244
11201	116.279
11211	116.383
11221	116.51
11231	116.626
11241	116.712
11251	116.803
11261	116.9
11271	116.985
11281	117.091
11291	117.187
11301	117.291
11311	117.344
11321	117.416
11331	117.491
11341	117.561
11351	117.667
11361	117.781
11371	117.872
11381	117.942
11391	118.061
11401	118.193
11411	118.303
11421	118.416
11431	118.525
11441	118.592
11451	118.654
11461	118.688
11471	118.727
11481	118.787
11491	118.865
11501	118.968
11511	119.121
11521	119.294
11531	119.437
11541	119.532
11551	119.583
11561	119.611
11571	119.648
11581	119.739
11591	119.868
11601	120.041
11611	120.153
11621	120.254
11631	120.375
11641	120.462
11651	120.509
11661	120.552
11671	120.596
11681	120.669
11691	120.745
11701	120.89
11711	121.051
11721	121.199
11731	121.337
11741	121.433
11751	121.493
11761	121.537
11771	121.585
11781	121.686
11791	121.796
11801	121.932
11811	122.069
11821	122.146
11831	122.261
11841	122.373
11851	122.473
11861	122.53
11871	122.603
11881	122.741
11891	122.887
11901	123.036
11911	123.156
11921	123.23
11931	123.268
11941	123.335
11951	123.414
11961	123.496
11971	123.57
11981	123.682
11991	123.811
12001	123.911
12011	124.012
12021	124.108
12031	124.199
12041	124.278
12051	124.365
12061	124.447
12071	124.502
12081	124.561
12091	124.605
12101	124.642
12111	124.707
12121	124.81
12131	124.915
12141	125.021
12151	125.142
12161	125.233
12171	125.318
12181	125.416
12191	125.487
12201	125.546
12211	125.609
12221	125.716
12231	125.866
12241	125.988
12251	126.103
12261	126.193
12271	126.29
12281	126.343
12291	126.411
12301	126.485
12311	126.581
12321	126.724
12331	126.837
12341	126.999
12351	127.103
12361	127.208
12371	127.292
12381	127.365
12391	127.437
12401	127.486
12411	127.523
12421	127.598
12431	127.712
12441	127.833
12451	127.93
12461	128.037
12471	128.159
12481	128.266
12491	128.363
12501	128.439
12511	128.502
12521	128.563
12531	128.66
12541	128.765
12551	128.908
12561	129.018
12571	129.096
12581	129.192
12591	129.257
12601	129.34
12611	129.381
12621	129.458
12631	129.572
12641	129.663
12651	129.732
12661	129.81
12671	129.863
12681	129.897
12691	129.983
12701	130.057
12711	130.198
12721	130.314
12731	130.413
12741	130.478
12751	130.567
12761	130.629
12771	130.723
12781	130.815
12791	130.906
12801	130.99
12811	131.089
12821	131.205
12831	131.318
12841	131.374
12851	131.467
12861	131.532
12871	131.616
12881	131.718
12891	131.839
12901	131.983
12911	132.115
12921	132.194
12931	132.259
12941	132.313
12951	132.382
12961	132.462
12971	132.546
12981	132.633
12991	132.759
13001	132.855
13011	132.928
13021	133.024
13031	133.095
13041	133.165
13051	133.265
13061	133.369
13071	133.481
13081	133.585
13091	133.686
13101	133.776
13111	133.882
13121	133.974
13131	134.051
13141	134.148
13151	134.247
13161	134.351
13171	134.416
13181	134.503
13191	134.62
13201	134.742
13211	134.837
13221	134.905
13231	134.978
13241	135.026
13251	135.11
13261	135.186
13271	135.232
13281	135.29
13291	135.417
13301	135.528
13311	135.605
13321	135.727
13331	135.793
13341	135.858
13351	135.943
13361	136.062
13371	136.154
13381	136.246
13391	136.37
13401	136.47
13411	136.593
13421	136.672
13431	136.728
13441	136.795
13451	136.858
13461	136.954
13471	137.051
13481	137.176
13491	137.295
13501	137.377
13511	137.453
13521	137.534
13531	137.605
13541	137.675
13551	137.767
13561	137.844
13571	137.975
13581	138.083
13591	138.18
13601	138.267
13611	138.359
13621	138.461
13631	138.539
13641	138.606
13651	138.672
13661	138.748
13671	138.815
13681	138.953
13691	139.075
13701	139.176
13711	139.273
13721	139.377
13731	139.456
13741	139.589
13751	139.672
13761	139.754
13771	139.854
13781	139.944
13791	140.001
13801	140.033
13811	140.072
13821	140.151
13831	140.286
13841	140.423
13851	140.493
13861	140.556
13871	140.595
13881	140.688
13891	140.762
13901	140.85
13911	140.956
13921	141.116
13931	141.191
13941	141.259
13951	141.321
13961	141.392
13971	141.446
13981	141.547
13991	141.64
14001	141.732
14011	141.845
14021	141.951
14031	142.013
14041	142.085
14051	142.205
14061	142.284
14071	142.36
14081	142.476
14091	142.554
14101	142.629
14111	142.708
14121	142.788
14131	142.895
14141	142.998
14151	143.106
14161	143.223
14171	143.332
14181	143.431
14191	143.519
14201	143.59
14211	143.657
14221	143.735
14231	143.824
14241	143.93
14251	144.067
14261	144.202
14271	144.312
14281	144.412
14291	144.499
14301	144.544
14311	144.592
14321	144.668
14331	144.715
14341	144.827
14351	144.954
14361	145.024
14371	145.135
14381	145.24
14391	145.329
14401	145.399
14411	145.459
14421	145.51
14431	145.575
14441	145.729
14451	145.826
14461	145.937
14471	145.987
14481	146.041
14491	146.11
14501	146.205
14511	146.291
14521	146.376
14531	146.458
14541	146.524
14551	146.592
14561	146.719
14571	146.858
14581	146.951
14591	147.033
14601	147.139
14611	147.224
14621	147.281
14631	147.36
14641	147.455
14651	147.565
14661	147.663
14671	147.751
14681	147.839
14691	147.912
14701	147.994
14711	148.053
14721	148.155
14731	148.318
14741	148.423
14751	148.51
14761	148.597
14771	148.665
14781	148.715
14791	148.768
14801	148.835
14811	148.919
14821	149.021
14831	149.11
14841	149.22
14851	149.303
14861	149.377
14871	149.427
14881	149.504
14891	149.589
14901	149.696
14911	149.776
14921	149.894
14931	149.995
14941	150.061
14951	150.121
14961	150.2
14971	150.282
14981	150.362
14991	150.427
15001	150.48
15011	150.572
15021	150.682
15031	150.817
15041	150.932
15051	151.008
15061	151.05
15071	151.106
15081	151.168
15091	151.263
15101	151.342
15111	151.399
15121	151.46
15131	151.555
15141	151.683
15151	151.819
15161	151.928
15171	152.019
15181	152.105
15191	152.179
15201	152.224
15211	152.289
15221	152.367
15231	152.442
15241	152.522
15251	152.602
15261	152.686
15271	152.834
15281	152.97
15291	153.064
15301	153.129
15311	153.212
15321	153.308
15331	153.389
15341	153.441
15351	153.481
15361	153.532
15371	153.585
15381	153.718
15391	153.878
15401	154.025
15411	154.15
15421	154.235
15431	154.28
15441	154.333
15451	154.37
15461	154.396
15471	154.481
15481	154.594
15491	154.701
15501	154.823
15511	154.924
15521	154.995
15531	155.068
15541	155.147
15551	155.232
15561	155.302
15571	155.377
15581	155.443
15591	155.511
15601	155.625
15611	155.702
15621	155.815
15631	155.945
15641	156.033
15651	156.107
15661	156.188
15671	156.252
15681	156.304
15691	156.356
15701	156.458
15711	156.539
15721	156.652
15731	156.791
15741	156.893
15751	156.971
15761	157.064
15771	157.134
15781	157.206
15791	157.277
15801	157.342
15811	157.413
15821	157.514
15831	157.579
15841	157.644
15851	157.734
15861	157.834
15871	157.912
15881	158.045
15891	158.129
15901	158.208
15911	158.276
15921	158.327
15931	158.417
15941	158.544
15951	158.674
15961	158.737
15971	158.802
15981	158.89
15991	158.99
16001	159.099
16011	159.176
16021	159.238
16031	159.287
16041	159.406
16051	159.537
16061	159.638
16071	159.689
16081	159.783
16091	159.894
16101	159.976
16111	160.049
16121	160.139
16131	160.224
16141	160.267
16151	160.332
16161	160.417
16171	160.481
16181	160.582
16191	160.662
16201	160.785
16211	160.866
16221	160.985
16231	161.084
16241	161.151
16251	161.219
16261	161.266
16271	161.32
16281	161.376
16291	161.428
16301	161.511
16311	161.613
16321	161.721
16331	161.835
16341	161.944
16351	162.025
16361	162.082
16371	162.133
16381	162.191
16391	162.258
16401	162.357
16411	162.433
16421	162.509
16431	162.59
16441	162.67
16451	162.748
16461	162.869
16471	162.955
16481	163.085
16491	163.177
16501	163.252
16511	163.301
16521	163.383
16531	163.47
16541	163.573
16551	163.641
16561	163.715
16571	163.81
16581	163.897
16591	163.981
16601	164.059
16611	164.201
16621	164.285
16631	164.363
16641	164.467
16651	164.563
16661	164.638
16671	164.676
16681	164.721
16691	164.795
16701	164.871
16711	164.962
16721	165.021
16731	165.074
16741	165.171
16751	165.279
16761	165.364
16771	165.431
16781	165.499
16791	165.556
16801	165.603
16811	165.661
16821	165.743
16831	165.818
16841	165.931
16851	166.023
16861	166.137
16871	166.219
16881	166.291
16891	166.353
16901	166.415
16911	166.47
16921	166.541
16931	166.628
16941	166.727
16951	166.84
16961	166.927
16971	167.012
16981	167.103
16991	167.189
17001	167.255
17011	167.377
17021	167.446
17031	167.498
17041	167.59
17051	167.672
17061	167.774
17071	167.862
17081	167.965
17091	168.027
17101	168.093
17111	168.148
17121	168.206
17131	168.266
17141	168.332
17151	168.438
17161	168.516
17171	168.592
17181	168.696
17191	168.816
17201	168.911
17211	168.983
17221	169.067
17231	169.142
17241	169.204
17251	169.294
17261	169.371
17271	169.425
17281	169.528
17291	169.634
17301	169.738
17311	169.839
17321	169.952
17331	170.037
17341	170.092
17351	170.16
17361	170.245
17371	170.369
17381	170.467
17391	170.528
17401	170.591
17411	170.682
17421	170.768
17431	170.842
17441	170.922
17451	170.993
17461	171.064
17471	171.106
17481	171.148
17491	171.167
17501	171.209
17511	171.251
17521	171.339
17531	171.433
17541	171.545
17551	171.651
17561	171.779
17571	171.843
17581	171.889
17591	171.964
17601	172.025
17611	172.075
17621	172.125
17631	172.206
17641	172.297
17651	172.423
17661	172.517
17671	172.605
17681	172.678
17691	172.738
17701	172.822
17711	172.95
17721	173.047
17731	173.105
17741	173.168
17751	173.242
17761	173.338
17771	173.423
17781	173.497
17791	173.602
17801	173.653
17811	173.73
17821	173.794
17831	173.874
17841	173.96
17851	174.046
17861	174.15
17871	174.235
17881	174.302
17891	174.353
17901	174.412
17911	174.49
17921	174.573
17931	174.667
17941	174.759
17951	174.847
17961	174.943
17971	175.031
17981	175.12
17991	175.177
18001	175.234
18011	175.299
18021	175.36
18031	175.397
18041	175.502
18051	175.567
18061	175.647
18071	175.721
18081	175.794
18091	175.848
18101	175.915
18111	175.962
18121	175.993
18131	176.04
18141	176.129
18151	176.228
18161	176.365
18171	176.486
18181	176.575
18191	176.655
18201	176.726
18211	176.79
18221	176.828
18231	176.859
18241	176.934
18251	176.998
18261	177.165
18271	177.281
18281	177.356
18291	177.448
18301	177.526
18311	177.576
18321	177.623
18331	177.677
18341	177.763
18351	177.852
18361	177.932
18371	178.005
18381	178.12
18391	178.214
18401	178.346
18411	178.458
18421	178.528
18431	178.592
18441	178.651
18451	178.678
18461	178.718
18471	178.779
18481	178.892
18491	178.966
18501	179.046
18511	179.133
18521	179.239
18531	179.356
18541	179.437
18551	179.539
18561	179.613
18571	179.687
18581	179.764
18591	179.828
18601	179.898
18611	179.968
18621	180.029
18631	180.127
18641	180.19
18651	180.274
18661	180.336
18671	180.403
18681	180.464
18691	180.492
18701	180.53
18711	180.572
18721	180.638
18731	180.73
18741	180.814
18751	180.886
18761	181.025
18771	181.153
18781	181.239
18791	181.325
18801	181.38
18811	181.414
18821	181.442
18831	181.49
18841	181.58
18851	181.655
18861	181.714
18871	181.768
18881	181.86
18891	181.927
18901	182
18911	182.086
18921	182.138
18931	182.21
18941	182.3
18951	182.403
18961	182.486
18971	182.548
18981	182.589
18991	182.65
19001	182.736
19011	182.826
19021	182.9
19031	182.993
19041	183.053
19051	183.092
19061	183.186
19071	183.251
19081	183.319
19091	183.377
19101	183.472
19111	183.558
19121	183.621
19131	183.75
19141	183.842
19151	183.929
19161	183.993
19171	184.045
19181	184.123
19191	184.189
19201	184.286
19211	184.381
19221	184.436
19231	184.517
19241	184.56
19251	184.641
19261	184.701
19271	184.754
19281	184.789
19291	184.818
19301	184.877
19311	184.941
19321	185.033
19331	185.156
19341	185.269
19351	185.361
19361	185.463
19371	185.587
19381	185.654
19391	185.713
19401	185.8
19411	185.876
19421	185.92
19431	185.976
19441	186.086
19451	186.176
19461	186.278
19471	186.333
19481	186.377
19491	186.399
19501	186.455
19511	186.545
19521	186.606
19531	186.645
19541	186.727
19551	186.847
19561	186.933
19571	187.035
19581	187.143
19591	187.224
19601	187.256
19611	187.309
19621	187.345
19631	187.42
19641	187.483
19651	187.544
19661	187.632
19671	187.71
19681	187.815
19691	187.92
19701	188.004
19711	188.104
19721	188.151
19731	188.177
19741	188.223
19751	188.311
19761	188.389
19771	188.446
19781	188.518
19791	188.579
19801	188.698
19811	188.821
19821	188.909
19831	188.968
19841	189.029
19851	189.102
19861	189.187
19871	189.239
19881	189.286
19891	189.341
19901	189.4
19911	189.476
19921	189.548
19931	189.632
19941	189.726
19951	189.831
19961	189.925
19971	190.018
19981	190.107
19991	190.172
20001	190.242
20011	190.279
20021	190.39
20031	190.484
20041	190.557
20051	190.6
20061	190.631
20071	190.679
20081	190.791
20091	190.891
20101	190.954
20111	191.013
20121	191.108
20131	191.177
20141	191.287
20151	191.368
20161	191.435
20171	191.475
20181	191.564
20191	191.66
20201	191.75
20211	191.831
20221	191.902
20231	191.996
20241	192.103
20251	192.176
20261	192.245
20271	192.332
20281	192.429
20291	192.501
20301	192.554
20311	192.621
20321	192.696
20331	192.777
20341	192.849
20351	192.924
20361	193.024
20371	193.117
20381	193.226
20391	193.295
20401	193.367
20411	193.473
20421	193.562
20431	193.623
20441	193.694
20451	193.753
20461	193.804
20471	193.848
20481	193.867
20491	193.899
20501	193.937
20511	193.978
20521	194.029
20531	194.124
20541	194.202
20551	194.285
20561	194.373
20571	194.432
20581	194.511
20591	194.609
20601	194.698
20611	194.744
20621	194.791
20631	194.872
20641	194.975
20651	195.083
20661	195.143
20671	195.201
20681	195.266
20691	195.355
20701	195.451
20711	195.526
20721	195.572
20731	195.639
20741	195.738
20751	195.814
20761	195.9
20771	195.956
20781	196.042
20791	196.139
20801	196.23
20811	196.299
20821	196.354
20831	196.426
20841	196.478
20851	196.53
20861	196.561
20871	196.625
20881	196.681
20891	196.727
20901	196.798
20911	196.92
20921	197.037
20931	197.138
20941	197.241
20951	197.306
20961	197.371
20971	197.442
20981	197.501
20991	197.577
21001	197.648
21011	197.72
21021	197.782
21031	197.838
21041	197.877
21051	197.915
21061	197.946
21071	197.989
21081	198.042
21091	198.094
21101	198.128
21111	198.191
21121	198.265
21131	198.348
21141	198.428
21151	198.504
21161	198.59
21171	198.675
21181	198.781
21191	198.864
21201	198.927
21211	198.979
21221	199.033
21231	199.098
21241	199.138
21251	199.205
21261	199.296
21271	199.364
21281	199.457
21291	199.514
21301	199.567
21311	199.661
21321	199.712
21331	199.752
21341	199.792
21351	199.873
21361	199.97
21371	200.072
21381	200.157
21391	200.242
21401	200.338
21411	200.399
21421	200.45
21431	200.483
21441	200.527
21451	200.568
21461	200.615
21471	200.69
21481	200.78
21491	200.857
21501	200.948
21511	201.025
21521	201.114
21531	201.21
21541	201.259
21551	201.313
21561	201.361
21571	201.387
21581	201.427
21591	201.478
21601	201.566
21611	201.645
21621	201.74
21631	201.804
21641	201.875
21651	201.945
21661	201.992
21671	202.014
21681	202.052
21691	202.094
21701	202.146
21711	202.212
21721	202.271
21731	202.318
21741	202.383
21751	202.512
21761	202.619
21771	202.741
21781	202.828
21791	202.928
21801	203.006
21811	203.058
21821	203.125
21831	203.187
21841	203.24
21851	203.285
21861	203.329
21871	203.408
21881	203.483
21891	203.578
21901	203.685
21911	203.729
21921	203.782
21931	203.848
21941	203.908
21951	203.981
21961	204.068
21971	204.138
21981	204.233
21991	204.287
22001	204.32
22011	204.35
22021	204.392
22031	204.452
22041	204.526
22051	204.603
22061	204.658
22071	204.709
22081	204.8
22091	204.86
22101	204.971
22111	205.076
22121	205.153
22131	205.2
22141	205.244
22151	205.32
22161	205.376
22171	205.415
22181	205.448
22191	205.473
22201	205.538
22211	205.604
22221	205.686
22231	205.781
22241	205.851
22251	205.92
22261	205.998
22271	206.091
22281	206.13
22291	206.184
22301	206.219
22311	206.268
22321	206.316
22331	206.347
22341	206.421
22351	206.532
22361	206.674
22371	206.753
22381	206.817
22391	206.885
22401	206.967
22411	207.021
22421	207.064
22431	207.105
22441	207.13
22451	207.153
22461	207.191
22471	207.307
22481	207.387
22491	207.488
22501	207.589
22511	207.668
22521	207.728
22531	207.784
22541	207.836
22551	207.886
22561	207.932
22571	207.97
22581	208.019
22591	208.098
22601	208.189
22611	208.319
22621	208.416
22631	208.495
22641	208.558
22651	208.618
22661	208.673
22671	208.726
22681	208.784
22691	208.847
22701	208.925
22711	209.014
22721	209.094
22731	209.163
22741	209.236
22751	209.3
22761	209.361
22771	209.454
22781	209.554
22791	209.641
22801	209.716
22811	209.794
22821	209.848
22831	209.909
22841	209.941
22851	209.998
22861	210.07
22871	210.121
22881	210.199
22891	210.262
22901	210.287
22911	210.304
22921	210.333
22931	210.39
22941	210.457
22951	210.522
22961	210.603
22971	210.69
22981	210.778
22991	210.878
23001	210.974
23011	211.033
23021	211.076
23031	211.114
23041	211.147
23051	211.166
23061	211.222
23071	211.282
23081	211.326
23091	211.414
23101	211.51
23111	211.631
23121	211.712
23131	211.776
23141	211.814
23151	211.846
23161	211.896
23171	211.933
23181	211.988
23191	212.033
23201	212.097
23211	212.179
23221	212.248
23231	212.334
23241	212.414
23251	212.493
23261	212.556
23271	212.623
23281	212.651
23291	212.704
23301	212.761
23311	212.799
23321	212.835
23331	212.908
23341	212.983
23351	213.05
23361	213.123
23371	213.185
23381	213.26
23391	213.337
23401	213.394
23411	213.439
23421	213.475
23431	213.518
23441	213.581
23451	213.628
23461	213.731
23471	213.794
23481	213.832
23491	213.858
23501	213.886
23511	213.917
23521	213.942
23531	213.998
23541	214.048
23551	214.104
23561	214.18
23571	214.253
23581	214.333
23591	214.384
23601	214.472
23611	214.541
23621	214.597
23631	214.699
23641	214.8
23651	214.896
23661	214.965
23671	215.018
23681	215.056
23691	215.086
23701	215.116
23711	215.141
23721	215.202
23731	215.274
23741	215.355
23751	215.414
23761	215.477
23771	215.548
23781	215.605
23791	215.659
23801	215.736
23811	215.777
23821	215.839
23831	215.905
23841	215.968
23851	216.034
23861	216.108
23871	216.219
23881	216.307
23891	216.382
23901	216.433
23911	216.468
23921	216.521
23931	216.581
23941	216.639
23951	216.728
23961	216.783
23971	216.84
23981	216.923
23991	216.985
24001	217.057
24011	217.144
24021	217.214
24031	217.255
24041	217.33
24051	217.402
24061	217.468
24071	217.536
24081	217.58
24091	217.637
24101	217.676
24111	217.703
24121	217.716
24131	217.755
24141	217.787
24151	217.828
24161	217.865
24171	217.91
24181	217.936
24191	217.991
24201	218.092
24211	218.203
24221	218.27
24231	218.336
24241	218.385
24251	218.445
24261	218.486
24271	218.543
24281	218.579
24291	218.647
24301	218.744
24311	218.822
24321	218.885
24331	218.935
24341	218.993
24351	219.074
24361	219.155
24371	219.23
24381	219.282
24391	219.337
24401	219.38
24411	219.435
24421	219.51
24431	219.559
24441	219.603
24451	219.649
24461	219.728
24471	219.821
24481	219.903
24491	219.946
24501	219.998
24511	220.068
24521	220.141
24531	220.22
24541	220.309
24551	220.378
24561	220.437
24571	220.502
24581	220.552
24591	220.595
24601	220.628
24611	220.664
24621	220.719
24631	220.791
24641	220.849
24651	220.907
24661	220.96
24671	221.012
24681	221.072
24691	221.128
24701	221.171
24711	221.207
24721	221.25
24731	221.284
24741	221.325
24751	221.373
24761	221.466
24771	221.573
24781	221.658
24791	221.733
24801	221.805
24811	221.862
24821	221.912
24831	221.948
24841	221.995
24851	222.037
24861	222.062
24871	222.114
24881	222.202
24891	222.264
24901	222.341
24911	222.424
24921	222.486
24931	222.569
24941	222.655
24951	222.697
24961	222.742
24971	222.784
24981	222.821
24991	222.88
25001	222.923
25011	222.981
25021	223.053
25031	223.11
25041	223.197
25051	223.247
25061	223.313
25071	223.376
25081	223.449
25091	223.482
25101	223.503
25111	223.538
25121	223.591
25131	223.675
25141	223.737
25151	223.78
25161	223.821
25171	223.901
25181	223.962
25191	224.027
25201	224.091
25211	224.162
25221	224.219
25231	224.26
25241	224.329
25251	224.366
25261	224.399
25271	224.428
25281	224.449
25291	224.466
25301	224.483
25311	224.507
25321	224.549
25331	224.581
25341	224.62
25351	224.645
25361	224.679
25371	224.751
25381	224.822
25391	224.898
25401	224.98
25411	225.106
25421	225.178
25431	225.249
25441	225.298
25451	225.348
25461	225.397
25471	225.465
25481	225.543
25491	225.594
25501	225.624
25511	225.662
25521	225.696
25531	225.737
25541	225.796
25551	225.844
25561	225.936
25571	226.027
25581	226.122
25591	226.203
25601	226.272
25611	226.343
25621	226.41
25631	226.456
25641	226.495
25651	226.543
25661	226.56
25671	226.59
25681	226.624
25691	226.662
25701	226.732
25711	226.804
25721	226.866
25731	226.934
25741	226.991
25751	227.044
25761	227.086
25771	227.133
25781	227.174
25791	227.245
25801	227.29
25811	227.313
25821	227.371
25831	227.409
25841	227.436
25851	227.453
25861	227.487
25871	227.551
25881	227.608
25891	227.664
25901	227.693
25911	227.742
25921	227.76
25931	227.788
25941	227.819
25951	227.862
25961	227.912
25971	227.977
25981	228.037
25991	228.135
26001	228.226
26011	228.28
26021	228.347
26031	228.409
26041	228.446
26051	228.504
26061	228.548
26071	228.577
26081	228.623
26091	228.663
26101	228.726
26111	228.795
26121	228.862
26131	228.912
26141	228.963
26151	229.005
26161	229.098
26171	229.151
26181	229.189
26191	229.245
26201	229.3
26211	229.355
26221	229.416
26231	229.47
26241	229.547
26251	229.588
26261	229.64
26271	229.691
26281	229.726
26291	229.799
26301	229.879
26311	229.974
26321	230.056
26331	230.118
26341	230.193
26351	230.274
26361	230.339
26371	230.385
26381	230.421
26391	230.52
26401	230.594
26411	230.632
26421	230.692
26431	230.746
26441	230.811
26451	230.882
26461	230.929
26471	230.996
26481	231.061
26491	231.092
26501	231.137
26511	231.182
26521	231.215
26531	231.249
26541	231.284
26551	231.303
26561	231.328
26571	231.369
26581	231.428
26591	231.52
26601	231.623
26611	231.724
26621	231.837
26631	231.924
26641	231.99
26651	232.029
26661	232.078
26671	232.139
26681	232.177
26691	232.214
26701	232.233
26711	232.316
26721	232.386
26731	232.46
26741	232.513
26751	232.584
26761	232.667
26771	232.755
26781	232.805
26791	232.88
26801	232.94
26811	233.011
26821	233.057
26831	233.118
26841	233.164
26851	233.194
26861	233.235
26871	233.287
26881	233.345
26891	233.387
26901	233.45
26911	233.526
26921	233.58
26931	233.645
26941	233.712
26951	233.764
26961	233.812
26971	233.857
26981	233.903
26991	233.925
27001	233.981
27011	234.04
27021	234.106
27031	234.142
27041	234.171
27051	234.208
27061	234.277
27071	234.35
27081	234.4
27091	234.444
27101	234.492
27111	234.526
27121	234.584
27131	234.622
27141	234.648
27151	234.67
27161	234.709
27171	234.763
27181	234.866
27191	234.949
27201	235.003
27211	235.053
27221	235.092
27231	235.133
27241	235.174
27251	235.212
27261	235.25
27271	235.3
27281	235.363
27291	235.408
27301	235.438
27311	235.475
27321	235.565
27331	235.646
27341	235.733
27351	235.787
27361	235.829
27371	235.906
27381	235.972
27391	236.006
27401	236.047
27411	236.076
27421	236.099
27431	236.111
27441	236.149
27451	236.179
27461	236.257
27471	236.342
27481	236.414
27491	236.475
27501	236.559
27511	236.626
27521	236.678
27531	236.718
27541	236.748
27551	236.792
27561	236.841
27571	236.886
27581	236.925
27591	236.984
27601	237.032
27611	237.071
27621	237.103
27631	237.138
27641	237.17
27651	237.207
27661	237.237
27671	237.28
27681	237.335
27691	237.391
27701	237.439
27711	237.493
27721	237.543
27731	237.579
27741	237.602
27751	237.629
27761	237.66
27771	237.702
27781	237.729
27791	237.743
27801	237.768
27811	237.798
27821	237.849
27831	237.896
27841	237.941
27851	238.009
27861	238.087
27871	238.157
27881	238.243
27891	238.305
27901	238.388
27911	238.437
27921	238.492
27931	238.525
27941	238.574
27951	238.638
27961	238.679
27971	238.729
27981	238.768
27991	238.812
28001	238.875
28011	238.945
28021	239.014
28031	239.066
28041	239.121
28051	239.163
28061	239.22
28071	239.27
28081	239.326
28091	239.381
28101	239.45
28111	239.504
28121	239.545
28131	239.575
28141	239.625
28151	239.672
28161	239.712
28171	239.761
28181	239.819
28191	239.861
28201	239.894
28211	239.924
28221	239.97
28231	240.02
28241	240.079
28251	240.128
28261	240.179
28271	240.231
28281	240.286
28291	240.341
28301	240.42
28311	240.462
28321	240.484
28331	240.501
28341	240.512
28351	240.532
28361	240.578
28371	240.62
28381	240.65
28391	240.69
28401	240.742
28411	240.81
28421	240.862
28431	240.915
28441	240.981
28451	241.045
28461	241.106
28471	241.17
28481	241.219
28491	241.294
28501	241.346
28511	241.389
28521	241.448
28531	241.482
28541	241.518
28551	241.549
28561	241.604
28571	241.663
28581	241.709
28591	241.775
28601	241.804
28611	241.845
28621	241.872
28631	241.913
28641	241.975
28651	242.031
28661	242.084
28671	242.111
28681	242.13
28691	242.144
28701	242.177
28711	242.234
28721	242.286
28731	242.34
28741	242.402
28751	242.454
28761	242.514
28771	242.584
28781	242.637
28791	242.685
28801	242.754
28811	242.826
28821	242.868
28831	242.892
28841	242.908
28851	242.95
28861	243.013
28871	243.068
28881	243.111
28891	243.155
28901	243.192
28911	243.217
28921	243.257
28931	243.297
28941	243.33
28951	243.383
28961	243.431
28971	243.489
28981	243.564
28991	243.618
29001	243.672
29011	243.715
29021	243.751
29031	243.794
29041	243.85
29051	243.915
29061	243.955
29071	244
29081	244.038
29091	244.1
29101	244.14
29111	244.201
29121	244.267
29131	244.312
29141	244.399
29151	244.482
29161	244.533
29171	244.577
29181	244.614
29191	244.639
29201	244.653
29211	244.711
29221	244.761
29231	244.795
29241	244.853
29251	244.881
29261	244.916
29271	244.941
29281	244.98
29291	245.012
29301	245.042
29311	245.068
29321	245.096
29331	245.138
29341	245.213
29351	245.287
29361	245.339
29371	245.392
29381	245.423
29391	245.448
29401	245.49
29411	245.532
29421	245.575
29431	245.641
29441	245.713
29451	245.798
29461	245.831
29471	245.867
29481	245.916
29491	245.932
29501	245.955
29511	245.962
29521	245.977
29531	245.991
29541	246.005
29551	246.032
29561	246.099
29571	246.147
29581	246.192
29591	246.239
29601	246.306
29611	246.385
29621	246.438
29631	246.496
29641	246.529
29651	246.562
29661	246.603
29671	246.638
29681	246.681
29691	246.724
29701	246.759
29711	246.788
29721	246.853
29731	246.904
29741	246.983
29751	247.04
29761	247.101
29771	247.162
29781	247.226
29791	247.273
29801	247.311
29811	247.339
29821	247.363
29831	247.378
29841	247.402
29851	247.436
29861	247.472
29871	247.495
29881	247.547
29891	247.615
29901	247.694
29911	247.744
29921	247.788
29931	247.855
29941	247.931
29951	247.995
29961	248.061
29971	248.086
29981	248.124
29991	248.157
30001	248.21
30011	248.239
30021	248.265
30031	248.306
30041	248.385
30051	248.445
30061	248.497
30071	248.563
30081	248.64
30091	248.704
30101	248.765
30111	248.801
30121	248.838
30131	248.876
30141	248.896
30151	248.909
30161	248.942
30171	248.972
30181	249.009
30191	249.032
30201	249.06
30211	249.09
30221	249.149
30231	249.23
30241	249.317
30251	249.37
30261	249.408
30271	249.463
30281	249.506
30291	249.554
30301	249.6
30311	249.664
30321	249.697
30331	249.725
30341	249.751
30351	249.773
30361	249.809
30371	249.883
30381	249.945
30391	250.004
30401	250.079
30411	250.137
30421	250.199
30431	250.248
30441	250.284
30451	250.309
30461	250.346
30471	250.383
30481	250.403
30491	250.431
30501	250.486
30511	250.526
30521	250.555
30531	250.616
30541	250.678
30551	250.717
30561	250.748
30571	250.781
30581	250.81
30591	250.89
30601	250.951
30611	251.012
30621	251.045
30631	251.091
30641	251.128
30651	251.193
30661	251.252
30671	251.281
30681	251.316
30691	251.334
30701	251.35
30711	251.384
30721	251.405
30731	251.413
30741	251.419
30751	251.437
30761	251.462
30771	251.476
30781	251.506
30791	251.545
30801	251.566
30811	251.584
30821	251.618
30831	251.669
30841	251.735
30851	251.77
30861	251.796
30871	251.829
30881	251.892
30891	251.949
30901	251.996
30911	252.034
30921	252.107
30931	252.169
30941	252.217
30951	252.257
30961	252.288
30971	252.337
30981	252.391
30991	252.446
31001	252.498
31011	252.547
31021	252.575
31031	252.618
31041	252.655
31051	252.699
31061	252.72
31071	252.756
31081	252.797
31091	252.83
31101	252.868
31111	252.902
31121	252.944
31131	252.975
31141	253.007
31151	253.035
31161	253.079
31171	253.129
31181	253.178
31191	253.237
31201	253.278
31211	253.319
31221	253.378
31231	253.432
31241	253.462
31251	253.48
31261	253.498
31271	253.524
31281	253.573
31291	253.63
31301	253.701
31311	253.784
31321	253.819
31331	253.858
31341	253.878
31351	253.89
31361	253.896
31371	253.91
31381	253.919
31391	253.939
31401	253.958
31411	253.982
31421	254.003
31431	254.026
31441	254.07
31451	254.099
31461	254.164
31471	254.194
31481	254.277
31491	254.322
31501	254.355
31511	254.403
31521	254.445
31531	254.481
31541	254.507
31551	254.562
31561	254.62
31571	254.665
31581	254.713
31591	254.75
31601	254.778
31611	254.806
31621	254.828
31631	254.849
31641	254.882
31651	254.91
31661	254.943
31671	254.977
31681	255.006
31691	255.038
31701	255.06
31711	255.105
31721	255.164
31731	255.21
31741	255.237
31751	255.278
31761	255.33
31771	255.372
31781	255.401
31791	255.44
31801	255.478
31811	255.5
31821	255.519
31831	255.544
31841	255.573
31851	255.635
31861	255.716
31871	255.771
31881	255.823
31891	255.862
31901	255.881
31911	255.897
31921	255.92
31931	255.937
31941	255.969
31951	255.997
31961	256.022
31971	256.068
31981	256.103
31991	256.132
32001	256.158
32011	256.208
32021	256.277
32031	256.337
32041	256.403
32051	256.439
32061	256.461
32071	256.493
32081	256.539
32091	256.579
32101	256.626
32111	256.694
32121	256.749
32131	256.807
32141	256.852
32151	256.891
32161	256.922
32171	256.948
32181	256.986
32191	257.033
32201	257.062
32211	257.087
32221	257.133
32231	257.173
32241	257.186
32251	257.215
32261	257.248
32271	257.286
32281	257.348
32291	257.414
32301	257.469
32311	257.521
32321	257.559
32331	257.605
32341	257.651
32351	257.699
32361	257.733
32371	257.776
32381	257.807
32391	257.835
32401	257.866
32411	257.889
32421	257.909
32431	257.916
32441	257.937
32451	257.947
32461	257.971
32471	257.991
32481	258.029
32491	258.105
32501	258.154
32511	258.172
32521	258.2
32531	258.232
32541	258.257
32551	258.295
32561	258.339
32571	258.394
32581	258.428
32591	258.445
32601	258.466
32611	258.513
32621	258.548
32631	258.585
32641	258.634
32651	258.703
32661	258.763
32671	258.798
32681	258.826
32691	258.862
32701	258.916
32711	258.957
32721	258.991
32731	259.016
32741	259.071
32751	259.119
32761	259.148
32771	259.167
32781	259.179
32791	259.202
32801	259.215
32811	259.235
32821	259.275
32831	259.316
32841	259.389
32851	259.434
32861	259.505
32871	259.56
32881	259.584
32891	259.601
32901	259.638
32911	259.669
32921	259.693
32931	259.72
32941	259.75
32951	259.785
32961	259.837
32971	259.874
32981	259.897
32991	259.927
33001	259.94
33011	259.963
33021	259.998
33031	260.017
33041	260.046
33051	260.08
33061	260.108
33071	260.13
33081	260.164
33091	260.22
33101	260.253
33111	260.277
33121	260.287
33131	260.3
33141	260.308
33151	260.315
33161	260.336
33171	260.364
33181	260.406
33191	260.451
33201	260.486
33211	260.518
33221	260.565
33231	260.595
33241	260.627
33251	260.641
33261	260.662
33271	260.676
33281	260.715
33291	260.75
33301	260.775
33311	260.827
33321	260.886
33331	260.957
33341	261.018
33351	261.072
33361	261.118
33371	261.142
33381	261.164
33391	261.192
33401	261.214
33411	261.247
33421	261.277
33431	261.309
33441	261.338
33451	261.383
33461	261.432
33471	261.457
33481	261.483
33491	261.509
33501	261.549
33511	261.591
33521	261.619
33531	261.659
33541	261.687
33551	261.717
33561	261.74
33571	261.764
33581	261.788
33591	261.802
33601	261.813
33611	261.826
33621	261.862
33631	261.913
33641	261.978
33651	262.035
33661	262.067
33671	262.103
33681	262.141
33691	262.165
33701	262.176
33711	262.192
33721	262.204
33731	262.209
33741	262.218
33751	262.221
33761	262.225
33771	262.228
33781	262.245
33791	262.255
33801	262.28
33811	262.315
33821	262.37
33831	262.438
33841	262.483
33851	262.539
33861	262.612
33871	262.661
33881	262.704
33891	262.753
33901	262.79
33911	262.825
33921	262.851
33931	262.871
33941	262.905
33951	262.923
33961	262.939
33971	262.962
33981	262.984
33991	263.012
34001	263.03
34011	263.052
34021	263.103
34031	263.136
34041	263.166
34051	263.212
34061	263.241
34071	263.266
34081	263.291
34091	263.315
34101	263.341
34111	263.372
34121	263.44
34131	263.499
34141	263.537
34151	263.562
34161	263.587
34171	263.627
34181	263.666
34191	263.7
34201	263.724
34211	263.779
34221	263.849
34231	263.913
34241	263.948
34251	263.993
34261	264.026
34271	264.05
34281	264.068
34291	264.075
34301	264.09
34311	264.12
34321	264.132
34331	264.145
34341	264.15
34351	264.157
34361	264.184
34371	264.199
34381	264.208
34391	264.217
34401	264.221
34411	264.239
34421	264.26
34431	264.307
34441	264.366
34451	264.403
34461	264.431
34471	264.469
34481	264.514
34491	264.557
34501	264.598
34511	264.649
34521	264.69
34531	264.738
34541	264.78
34551	264.813
34561	264.848
34571	264.88
34581	264.913
34591	264.932
34601	264.946
34611	264.965
34621	264.989
34631	265.011
34641	265.039
34651	265.06
34661	265.073
34671	265.112
34681	265.15
34691	265.175
34701	265.2
34711	265.225
34721	265.238
34731	265.247
34741	265.263
34751	265.296
34761	265.34
34771	265.39
34781	265.418
34791	265.435
34801	265.453
34811	265.48
34821	265.52
34831	265.549
34841	265.567
34851	265.579
34861	265.618
34871	265.655
34881	265.713
34891	265.766
34901	265.808
34911	265.829
34921	265.877
34931	265.909
34941	265.924
34951	265.939
34961	265.949
34971	265.97
34981	265.979
34991	265.994
35001	266.015
35011	266.071
35021	266.125
35031	266.152
35041	266.181
35051	266.199
35061	266.222
35071	266.258
35081	266.285
35091	266.309
35101	266.349
35111	266.382
35121	266.423
35131	266.446
35141	266.465
35151	266.505
35161	266.547
35171	266.6
35181	266.635
35191	266.665
35201	266.702
35211	266.73
35221	266.755
35231	266.79
35241	266.826
35251	266.86
35261	266.893
35271	266.928
35281	266.963
35291	266.991
35301	267.015
35311	267.049
35321	267.068
35331	267.093
35341	267.116
35351	267.154
35361	267.189
35371	267.217
35381	267.235
35391	267.247
35401	267.254
35411	267.258
35421	267.261
35431	267.298
35441	267.358
35451	267.413
35461	267.47
35471	267.511
35481	267.564
35491	267.616
35501	267.657
35511	267.687
35521	267.714
35531	267.74
35541	267.759
35551	267.771
35561	267.781
35571	267.805
35581	267.812
35591	267.819
35601	267.839
35611	267.862
35621	267.904
35631	267.954
35641	267.991
35651	268.028
35661	268.068
35671	268.103
35681	268.136
35691	268.175
35701	268.205
35711	268.227
35721	268.25
35731	268.282
35741	268.308
35751	268.339
35761	268.355
35771	268.382
35781	268.396
35791	268.41
35801	268.424
35811	268.437
35821	268.449
35831	268.454
35841	268.474
35851	268.484
35861	268.518
35871	268.545
35881	268.58
35891	268.603
35901	268.626
35911	268.645
35921	268.672
35931	268.7
35941	268.731
35951	268.744
35961	268.755
35971	268.763
35981	268.767
35991	268.775
36001	268.793
36011	268.828
36021	268.863
36031	268.896
36041	268.913
36051	268.947
36061	269
36071	269.029
36081	269.065
36091	269.118
36101	269.141
36111	269.172
36121	269.199
36131	269.215
36141	269.229
36151	269.244
36161	269.266
36171	269.291
36181	269.307
36191	269.314
36201	269.321
36211	269.324
36221	269.343
36231	269.383
36241	269.408
36251	269.436
36261	269.484
36271	269.508
36281	269.556
36291	269.599
36301	269.626
36311	269.637
36321	269.667
36331	269.689
36341	269.719
36351	269.748
36361	269.794
36371	269.818
36381	269.833
36391	269.844
36401	269.877
36411	269.9
36421	269.916
36431	269.935
36441	269.952
36451	269.986
36461	270.01
36471	270.028
36481	270.052
36491	270.063
36501	270.074
36511	270.1
36521	270.139
36531	270.18
36541	270.207
36551	270.253
36561	270.324
36571	270.375
36581	270.424
36591	270.45
36601	270.504
36611	270.539
36621	270.601
36631	270.645
36641	270.704
36651	270.737
36661	270.783
36671	270.808
36681	270.831
36691	270.843
36701	270.852
36711	270.858
36721	270.867
36731	270.871
36741	270.88
36751	270.902
36761	270.927
36771	270.954
36781	270.972
36791	270.981
36801	271
36811	271.065
36821	271.108
36831	271.132
36841	271.158
36851	271.19
36861	271.228
36871	271.285
36881	271.317
36891	271.358
36901	271.394
36911	271.441
36921	271.484
36931	271.518
36941	271.535
36951	271.584
36961	271.599
36971	271.613
36981	271.629
36991	271.657
37001	271.678
37011	271.712
37021	271.747
37031	271.789
37041	271.834
37051	271.881
37061	271.908
37071	271.928
37081	271.954
37091	271.985
37101	272.002
37111	272.008
37121	272.016
37131	272.021
37141	272.041
37151	272.058
37161	272.08
37171	272.094
37181	272.118
37191	272.142
37201	272.178
37211	272.219
37221	272.252
37231	272.288
37241	272.319
37251	272.363
37261	272.404
37271	272.437
37281	272.456
37291	272.471
37301	272.48
37311	272.489
37321	272.508
37331	272.531
37341	272.541
37351	272.547
37361	272.554
37371	272.571
37381	272.579
37391	272.59
37401	272.635
37411	272.67
37421	272.692
37431	272.719
37441	272.732
37451	272.745
37461	272.751
37471	272.757
37481	272.769
37491	272.778
37501	272.794
37511	272.816
37521	272.859
37531	272.902
37541	272.938
37551	272.97
37561	272.992
37571	273.023
37581	273.047
37591	273.065
37601	273.076
37611	273.098
37621	273.138
37631	273.157
37641	273.17
37651	273.18
37661	273.183
37671	273.212
37681	273.262
37691	273.308
37701	273.343
37711	273.362
37721	273.372
37731	273.389
37741	273.403
37751	273.42
37761	273.434
37771	273.444
37781	273.464
37791	273.488
37801	273.503
37811	273.529
37821	273.563
37831	273.602
37841	273.633
37851	273.671
37861	273.707
37871	273.758
37881	273.792
37891	273.843
37901	273.869
37911	273.892
37921	273.914
37931	273.939
37941	273.952
37951	273.963
37961	273.974
37971	274.023
37981	274.043
37991	274.057
38001	274.083
38011	274.133
38021	274.185
38031	274.209
38041	274.228
38051	274.244
38061	274.25
38071	274.255
38081	274.268
38091	274.276
38101	274.301
38111	274.318
38121	274.34
38131	274.386
38141	274.43
38151	274.454
38161	274.468
38171	274.491
38181	274.518
38191	274.535
38201	274.545
38211	274.553
38221	274.557
38231	274.57
38241	274.602
38251	274.625
38261	274.654
38271	274.67
38281	274.694
38291	274.727
38301	274.748
38311	274.765
38321	274.776
38331	274.794
38341	274.803
38351	274.828
38361	274.859
38371	274.905
38381	274.95
38391	274.969
38401	274.977
38411	274.986
38421	274.99
38431	274.992
38441	275.008
38451	275.016
38461	275.019
38471	275.037
38481	275.066
38491	275.089
38501	275.102
38511	275.116
38521	275.121
38531	275.137
38541	275.15
38551	275.152
38561	275.155
38571	275.172
38581	275.194
38591	275.226
38601	275.269
38611	275.295
38621	275.327
38631	275.357
38641	275.393
38651	275.42
38661	275.433
38671	275.453
38681	275.47
38691	275.492
38701	275.518
38711	275.54
38721	275.571
38731	275.594
38741	275.608
38751	275.618
38761	275.64
38771	275.65
38781	275.655
38791	275.661
38801	275.676
38811	275.696
38821	275.735
38831	275.769
38841	275.782
38851	275.797
38861	275.818
38871	275.84
38881	275.856
38891	275.86
38901	275.872
38911	275.891
38921	275.911
38931	275.922
38941	275.931
38951	275.934
38961	275.936
38971	275.947
38981	275.968
38991	275.995
39001	276.01
39011	276.038
39021	276.055
39031	276.074
39041	276.095
39051	276.121
39061	276.137
39071	276.144
39081	276.156
39091	276.17
39101	276.179
39111	276.188
39121	276.202
39131	276.213
39141	276.219
39151	276.22
39161	276.221
39171	276.224
39181	276.237
39191	276.245
39201	276.251
39211	276.281
39221	276.302
39231	276.318
39241	276.336
39251	276.35
39261	276.363
39271	276.376
39281	276.381
39291	276.388
39301	276.402
39311	276.413
39321	276.441
39331	276.457
39341	276.472
39351	276.483
39361	276.492
39371	276.504
39381	276.547
39391	276.567
39401	276.578
39411	276.591
39421	276.617
39431	276.648
39441	276.676
39451	276.693
39461	276.703
39471	276.711
39481	276.727
39491	276.736
39501	276.743
39511	276.761
39521	276.782
39531	276.816
39541	276.844
39551	276.886
39561	276.92
39571	276.96
39581	276.987
39591	277.024
39601	277.051
39611	277.076
39621	277.112
39631	277.126
39641	277.14
39651	277.149
39661	277.154
39671	277.156
39681	277.166
39691	277.177
39701	277.185
39711	277.191
39721	277.208
39731	277.219
39741	277.23
39751	277.245
39761	277.253
39771	277.255
39781	277.273
39791	277.282
39801	277.298
39811	277.327
39821	277.35
39831	277.379
39841	277.398
39851	277.408
39861	277.43
39871	277.438
39881	277.448
39891	277.455
39901	277.473
39911	277.482
39921	277.489
39931	277.493
39941	277.494
39951	277.51
39961	277.53
39971	277.558
39981	277.582
39991	277.6
40001	277.628
40011	277.639
40021	277.657
40031	277.679
40041	277.684
40051	277.688
40061	277.699
40071	277.714
40081	277.733
40091	277.762
40101	277.774
40111	277.783
40121	277.817
40131	277.835
40141	277.843
40151	277.852
40161	277.857
40171	277.864
40181	277.895
40191	277.917
40201	277.939
40211	277.964
40221	278.008
40231	278.048
40241	278.083
40251	278.111
40261	278.14
40271	278.173
40281	278.208
40291	278.239
40301	278.258
40311	278.296
40321	278.321
40331	278.338
40341	278.353
40351	278.366
40361	278.376
40371	278.395
40381	278.404
40391	278.414
40401	278.425
40411	278.436
40421	278.447
40431	278.453
40441	278.456
40451	278.472
40461	278.487
40471	278.501
40481	278.513
40491	278.519
40501	278.539
40511	278.558
40521	278.573
40531	278.583
40541	278.596
40551	278.61
40561	278.617
40571	278.624
40581	278.628
40591	278.628
40601	278.629
40611	278.659
40621	278.688
40631	278.703
40641	278.717
40651	278.737
40661	278.746
40671	278.761
40681	278.781
40691	278.799
40701	278.824
40711	278.848
40721	278.868
40731	278.877
40741	278.883
40751	278.888
40761	278.891
40771	278.912
40781	278.94
40791	278.972
40801	279.007
40811	279.027
40821	279.037
40831	279.054
40841	279.067
40851	279.079
40861	279.086
40871	279.105
40881	279.12
40891	279.15
40901	279.171
40911	279.197
40921	279.225
40931	279.238
40941	279.243
40951	279.249
40961	279.267
40971	279.275
40981	279.3
40991	279.316
41001	279.334
41011	279.349
41021	279.354
41031	279.358
41041	279.361
41051	279.369
41061	279.398
41071	279.427
41081	279.448
41091	279.459
41101	279.488
41111	279.503
41121	279.513
41131	279.53
41141	279.542
41151	279.551
41161	279.555
41171	279.567
41181	279.58
41191	279.596
41201	279.605
41211	279.614
41221	279.621
41231	279.623
41241	279.625
41251	279.627
41261	279.63
41271	279.63
41281	279.631
41291	279.637
41301	279.648
41311	279.671
41321	279.688
41331	279.704
41341	279.724
41351	279.738
41361	279.773
41371	279.808
41381	279.826
41391	279.838
41401	279.851
41411	279.858
41421	279.866
41431	279.889
41441	279.902
41451	279.92
41461	279.949
41471	279.962
41481	279.975
41491	279.982
41501	279.997
41511	280.005
41521	280.018
41531	280.037
41541	280.057
41551	280.068
41561	280.077
41571	280.084
41581	280.087
41591	280.091
41601	280.1
41611	280.11
41621	280.118
41631	280.125
41641	280.141
41651	280.16
41661	280.17
41671	280.181
41681	280.186
41691	280.199
41701	280.208
41711	280.217
41721	280.227
41731	280.241
41741	280.247
41751	280.254
41761	280.271
41771	280.279
41781	280.287
41791	280.304
41801	280.313
41811	280.328
41821	280.341
41831	280.362
41841	280.377
41851	280.393
41861	280.403
41871	280.415
41881	280.42
41891	280.445
41901	280.465
41911	280.496
41921	280.532
41931	280.558
41941	280.579
41951	280.598
41961	280.616
41971	280.623
41981	280.626
41991	280.628
42001	280.629
42011	280.63
42021	280.631
42031	280.642
42041	280.649
42051	280.655
42061	280.657
42071	280.66
42081	280.662
42091	280.671
42101	280.705
42111	280.719
42121	280.738
42131	280.754
42141	280.769
42151	280.776
42161	280.781
42171	280.796
42181	280.807
42191	280.817
42201	280.836
42211	280.859
42221	280.87
42231	280.894
42241	280.92
42251	280.954
42261	280.967
42271	280.979
42281	281.014
42291	281.03
42301	281.04
42311	281.048
42321	281.064
42331	281.071
42341	281.08
42351	281.087
42361	281.091
42371	281.092
42381	281.094
42391	281.096
42401	281.098
42411	281.098
42421	281.098
42431	281.098
42441	281.098
42451	281.114
42461	281.118
42471	281.137
42481	281.145
42491	281.153
42501	281.157
42511	281.159
42521	281.168
42531	281.172
42541	281.191
42551	281.232
42561	281.253
42571	281.269
42581	281.281
42591	281.286
42601	281.29
42611	281.293
42621	281.294
42631	281.296
42641	281.297
42651	281.297
42661	281.311
42671	281.318
42681	281.328
42691	281.342
42701	281.353
42711	281.364
42721	281.391
42731	281.411
42741	281.43
42751	281.443
42761	281.454
42771	281.462
42781	281.478
42791	281.484
42801	281.489
42811	281.492
42821	281.494
42831	281.495
42841	281.496
42851	281.497
42861	281.497
42871	281.508
42881	281.512
42891	281.526
42901	281.546
42911	281.565
42921	281.577
42931	281.585
42941	281.59
42951	281.593
42961	281.595
42971	281.596
42981	281.609
42991	281.621
43001	281.624
43011	281.627
43021	281.638
43031	281.646
43041	281.653
43051	281.658
43061	281.661
43071	281.662
43081	281.663
43091	281.663
43101	281.664
43111	281.665
43121	281.665
43131	281.676
43141	281.684
43151	281.693
43161	281.695
43171	281.696
43181	281.703
43191	281.712
43201	281.721
43211	281.724
43221	281.728
43231	281.73
43241	281.731
43251	281.746
43261	281.752
43271	281.758
43281	281.776
43291	281.786
43301	281.795
43311	281.807
43321	281.816
43331	281.821
43341	281.838
43351	281.858
43361	281.871
43371	281.882
43381	281.886
43391	281.891
43401	281.893
43411	281.895
43421	281.896
43431	281.897
43441	281.898
43451	281.911
43461	281.921
43471	281.924
43481	281.927
43491	281.934
43501	281.947
43511	281.954
43521	281.958
43531	281.972
43541	281.977
43551	281.987
43561	281.991
43571	281.994
43581	281.995
43591	281.997
43601	281.998
43611	281.998
43621	281.998
43631	281.999
43641	281.999
43651	281.999
43661	282.011
43671	282.016
43681	282.023
43691	282.025
43701	282.026
43711	282.029
43721	282.03
43731	282.031
43741	282.032
43751	282.032
43761	282.032
43771	282.032
43781	282.045
43791	282.051
43801	282.058
43811	282.06
43821	282.061
43831	282.062
43841	282.087
43851	282.109
43861	282.134
43871	282.161
43881	282.178
43891	282.197
43901	282.221
43911	282.244
43921	282.269
43931	282.278
43941	282.284
43951	282.288
43961	282.29
43971	282.292
43981	282.293
43991	282.296
44001	282.296
44011	282.297
44021	282.297
44031	282.298
44041	282.298
44051	282.298
44061	282.298
44071	282.298
44081	282.299
44091	282.299
44101	282.299
44111	282.299
44121	282.299
44131	282.299
44141	282.299
44151	282.299
44161	282.305
44171	282.314
44181	282.322
44191	282.325
44201	282.328
44211	282.33
44221	282.331
44231	282.332
44241	282.332
44251	282.332
44261	282.338
44271	282.349
44281	282.356
44291	282.358
44301	282.361
44311	282.362
44321	282.365
44331	282.376
44341	282.384
44351	282.397
44361	282.417
44371	282.436
44381	282.445
44391	282.453
44401	282.457
44411	282.461
44421	282.462
44431	282.463
44441	282.464
44451	282.464
44461	282.478
44471	282.496
44481	282.505
44491	282.513
44501	282.52
44511	282.524
44521	282.526
44531	282.527
44541	282.528
44551	282.53
44561	282.53
44571	282.538
44581	282.549
44591	282.553
44601	282.558
44611	282.56
44621	282.563
44631	282.564
44641	282.564
44651	282.564
44661	282.565
44671	282.565
44681	282.569
44691	282.582
44701	282.589
44711	282.597
44721	282.611
44731	282.615
44741	282.621
44751	282.626
44761	282.642
44771	282.648
44781	282.653
44791	282.657
44801	282.66
44811	282.661
44821	282.662
44831	282.663
44841	282.664
44851	282.665
44861	282.665
44871	282.665
44881	282.665
44891	282.678
44901	282.691
44911	282.708
44921	282.716
44931	282.72
44941	282.725
44951	282.728
44961	282.729
44971	282.73
44981	282.731
44991	282.736
45001	282.741
