41
78
113
146
175
202
224
241
254
266
275
281
39
77
113
146
174
199
222
242
258
269
278
282
40
78
112
144
175
199
224
245
257
268
277
283
41
80
115
147
176
202
223
244
260
270
278
281
40
77
113
148
176
203
227
246
260
268
273
278
42
78
115
147
178
201
224
240
255
266
275
280
41
79
113
145
175
200
223
242
262
273
279
281
43
79
115
146
176
203
224
245
260
268
277
282
42
78
112
150
182
208
229
248
264
275
279
281
41
78
114
146
176
204
227
247
260
271
278
281
40
79
115
149
176
203
224
244
258
269
275
281
39
76
111
146
176
202
225
242
256
267
276
280
38
76
108
143
172
197
220
238
256
266
274
281
41
78
115
147
177
203
225
243
255
266
277
282
38
76
112
142
173
201
222
241
256
268
275
281
41
79
114
147
174
202
225
244
255
268
276
280
39
75
110
141
169
196
220
241
257
270
278
281
41
77
113
146
176
202
222
242
259
268
275
280
39
76
111
145
173
199
220
238
253
266
275
282
42
77
111
143
173
201
223
241
255
267
274
282
42
81
115
146
175
199
224
241
257
267
277
282
40
75
110
142
172
200
219
240
256
265
275
282
40
75
112
147
175
200
223
241
256
269
278
282
42
78
111
145
174
201
226
242
258
267
278
281
40
74
107
142
174
200
223
242
256
269
276
279
40
79
114
146
175
202
222
239
256
268
274
280
40
79
110
141
173
201
223
246
259
271
280
282
39
74
110
142
173
199
222
240
256
269
277
279
40
75
110
144
175
201
223
242
256
266
274
279
41
77
111
144
176
203
226
242
257
269
276
281
