no.	gen	evalFit	result	time(ms)
1	8	52	4	2
2	9	58	4	2
3	7	46	4	2
4	9	59	4	2
5	7	46	4	1
6	8	53	4	2
7	8	52	4	2
8	8	52	4	2
9	9	60	4	3
10	8	52	4	2
11	10	64	4	2
12	9	58	4	2
13	10	65	4	3
14	9	58	4	2
15	8	53	4	2
16	9	58	4	2
17	10	64	4	2
18	9	60	4	2
19	10	64	4	3
20	8	54	4	2
21	7	47	4	2
22	9	60	4	3
23	9	58	4	2
24	10	64	4	2
25	11	72	4	2
26	8	52	4	2
27	8	52	4	2
28	9	58	4	2
29	10	64	4	3
30	8	52	4	2
N	R	field	yita	Up	TRIAL	pop	K1	K2	Gm	MUI	best	mean	worst	evalFit	ok%	avgT(ms)
100	15	90	7.06858	4	30	3	5	5	100	0.5	4	4	4	56	100%	2.13333
no.	gen	evalFit	result	time(ms)
1	8	53	4	2
2	7	46	4	2
3	7	46	4	2
4	8	54	4	2
5	9	58	4	3
6	8	52	4	2
7	7	46	4	2
8	9	60	4	2
9	10	64	4	2
10	9	58	4	2
11	9	58	4	2
12	8	54	4	2
13	7	47	4	2
14	9	58	4	2
15	8	52	4	2
16	10	66	4	3
17	8	52	4	2
18	10	64	4	2
19	9	58	4	2
20	9	59	4	2
21	9	58	4	2
22	9	58	4	2
23	9	58	4	2
24	8	52	4	2
25	9	58	4	3
26	7	47	4	2
27	10	64	4	3
28	7	46	4	2
29	9	59	4	3
30	8	52	4	3
N	R	field	yita	Up	TRIAL	pop	K1	K2	Gm	MUI	best	mean	worst	evalFit	ok%	avgT(ms)
100	15	90	7.06858	4	30	3	5	5	100	0.5	4	4	4	55	100%	2.2
no.	gen	evalFit	result	time(ms)
1	8	54	4	3
2	9	58	4	3
3	10	64	4	3
4	7	48	4	2
5	9	60	4	3
6	9	60	4	3
7	11	70	4	3
8	11	70	4	3
9	10	64	4	2
10	7	47	4	2
11	9	58	4	3
12	8	54	4	2
13	8	52	4	2
14	9	59	4	2
15	8	52	4	2
16	9	59	4	2
17	8	53	4	2
18	7	46	4	2
19	8	52	4	3
20	7	46	4	2
21	9	58	4	2
22	7	47	4	2
23	8	52	4	3
24	10	64	4	3
25	9	58	4	2
26	8	52	4	3
27	7	46	4	3
28	8	52	4	3
29	8	52	4	3
30	9	60	4	3
N	R	field	yita	Up	TRIAL	pop	K1	K2	Gm	MUI	best	mean	worst	evalFit	ok%	avgT(ms)
100	15	90	7.06858	4	30	3	5	5	100	0.5	4	4	4	55	100%	2.53333
no.	gen	evalFit	result	time(ms)
1	15	94	5	17
2	13	82	5	15
3	15	94	5	18
4	11	70	5	12
5	12	76	5	11
6	14	88	5	13
7	14	88	5	13
8	14	88	5	12
9	14	89	5	12
10	18	112	5	17
11	12	76	5	12
12	15	94	5	15
13	13	82	5	14
14	15	94	5	16
15	15	95	5	16
16	17	108	5	16
17	13	82	5	14
18	17	106	5	17
19	18	112	5	19
20	15	95	5	16
21	13	82	5	14
22	16	101	5	18
23	14	88	5	15
24	14	89	5	15
25	14	88	5	15
26	14	88	5	14
27	13	82	5	15
28	17	106	5	18
29	12	76	5	13
30	13	82	5	14
N	R	field	yita	Up	TRIAL	pop	K1	K2	Gm	MUI	best	mean	worst	evalFit	ok%	avgT(ms)
100	15	574	5.65487	5	30	3	5	5	100	0.5	5	5	5	90	100%	14.8667
no.	gen	evalFit	result	time(ms)
1	41	250	5	31
2	204	1234	5	135
3	18	112	5	14
4	102	619	5	75
5	19	120	5	16
6	16	100	5	13
7	24	149	5	20
8	98	592	5	66
9	402	2428	5	279
10	61	371	5	39
11	19	118	5	14
12	22	136	5	14
13	16	100	5	12
14	17	106	5	13
15	104	631	5	70
16	210	1270	5	147
17	38	234	5	28
18	526	3175	5	360
19	101	615	5	61
20	15	94	5	11
21	219	1324	5	163
22	14	88	5	12
23	112	679	5	95
24	30	184	5	22
25	27	167	5	18
26	17	106	5	10
27	79	478	5	49
28	203	1228	5	116
29	17	107	5	10
30	23	142	5	13
N	R	field	yita	Up	TRIAL	pop	K1	K2	Gm	MUI	best	mean	worst	evalFit	ok%	avgT(ms)
100	15	509	5.65487	5	30	3	5	5	100	0.5	5	5	5	565	100%	64.2
no.	gen	evalFit	result	time(ms)
1	12	78	4	10
2	8	52	4	9
3	10	65	4	10
4	9	59	4	10
5	11	71	4	10
6	9	58	4	9
7	8	52	4	9
8	14	88	4	15
9	11	71	4	12
10	9	58	4	8
11	14	88	4	15
12	8	53	4	11
13	11	70	4	11
14	11	71	4	14
15	11	70	4	13
16	10	64	4	11
17	8	52	4	11
18	12	77	4	14
19	9	58	4	11
20	10	64	4	12
21	8	52	4	10
22	10	64	4	12
23	9	58	4	11
24	11	70	4	12
25	9	59	4	11
26	8	53	4	10
27	8	53	4	9
28	8	52	4	9
29	12	76	4	12
30	9	58	4	10
N	R	field	yita	Up	TRIAL	pop	K1	K2	Gm	MUI	best	mean	worst	evalFit	ok%	avgT(ms)
100	15	565	7.06858	4	30	3	5	5	100	0.5	4	4	4	63	100%	11.0333
no.	gen	evalFit	result	time(ms)
1	18	113	6	16
2	18	113	6	16
3	18	112	6	15
4	15	95	6	14
5	27	166	6	23
6	17	106	6	13
7	18	114	6	16
8	22	136	6	19
9	20	124	6	19
10	19	118	6	17
11	19	119	6	18
12	25	154	6	22
13	19	118	6	16
14	21	130	6	20
15	28	172	6	28
16	24	148	6	21
17	18	112	6	16
18	22	136	6	20
19	17	107	6	17
20	22	136	6	20
21	18	112	6	16
22	18	112	6	17
23	17	106	6	17
24	21	130	6	19
25	22	136	6	25
26	17	106	6	17
27	22	136	6	21
28	29	178	6	26
29	17	106	6	17
30	19	119	6	19
N	R	field	yita	Up	TRIAL	pop	K1	K2	Gm	MUI	best	mean	worst	evalFit	ok%	avgT(ms)
100	15	567	4.71239	6	30	3	5	5	100	0.5	6	6	6	125	100%	18.6667
no.	gen	evalFit	result	time(ms)
1	16	100	6	16
2	26	160	6	18
3	20	124	6	14
4	18	112	6	13
5	17	106	6	12
6	17	107	6	13
7	16	100	6	18
8	18	112	6	17
9	21	131	6	19
10	17	107	6	15
11	17	108	6	15
12	21	130	6	17
13	19	118	6	17
14	20	124	6	15
15	18	112	6	13
16	17	106	6	14
17	15	94	6	13
18	19	118	6	18
19	19	118	6	16
20	17	106	6	16
21	20	124	6	17
22	18	114	6	15
23	21	130	6	19
24	17	106	6	15
25	20	124	6	18
26	15	96	6	14
27	16	100	6	15
28	19	118	6	15
29	16	100	6	14
30	16	101	6	14
N	R	field	yita	Up	TRIAL	pop	K1	K2	Gm	MUI	best	mean	worst	evalFit	ok%	avgT(ms)
100	15	566	4.71239	6	30	3	5	5	100	0.5	6	6	6	113	100%	15.5
no.	gen	evalFit	result	time(ms)
1	20	125	6	17
2	20	124	6	15
3	18	112	6	17
4	17	107	6	14
5	16	100	6	13
6	18	112	6	16
7	17	108	6	15
8	16	100	6	13
9	18	114	6	13
10	14	88	6	11
11	18	112	6	14
12	18	112	6	15
13	17	106	6	16
14	16	101	6	15
15	19	118	6	18
16	15	94	6	16
17	17	106	6	17
18	17	108	6	16
19	16	100	6	13
20	17	106	6	14
21	17	106	6	14
22	18	113	6	16
23	16	102	6	17
24	17	106	6	17
25	17	107	6	15
26	15	94	6	14
27	16	100	6	17
28	17	107	6	15
29	17	107	6	16
30	16	100	6	15
N	R	field	yita	Up	TRIAL	pop	K1	K2	Gm	MUI	best	mean	worst	evalFit	ok%	avgT(ms)
100	15	580	4.71239	6	30	3	5	5	100	0.5	6	6	6	106	100%	15.1333
no.	gen	evalFit	result	time(ms)
1	5	34	3	5
2	5	34	3	6
3	7	46	3	8
4	6	42	3	6
5	7	48	3	9
6	4	28	3	5
7	6	40	3	7
8	7	46	3	8
9	5	34	3	6
10	5	35	3	6
11	6	40	3	8
12	6	40	3	8
13	7	46	3	9
14	7	46	3	10
15	8	54	3	11
16	4	29	3	7
17	5	34	3	7
18	5	35	3	8
19	5	34	3	7
20	6	40	3	7
21	5	34	3	7
22	5	34	3	6
23	5	36	3	6
24	6	41	3	8
25	6	40	3	8
26	6	40	3	9
27	4	28	3	7
28	6	41	3	9
29	7	47	3	12
30	5	34	3	8
N	R	field	yita	Up	TRIAL	pop	K1	K2	Gm	MUI	best	mean	worst	evalFit	ok%	avgT(ms)
100	15	588	9.42478	3	30	3	5	5	100	0.5	3	3	3	38	100%	7.6
no.	gen	evalFit	result	time(ms)
1	11	72	4	10
2	8	52	4	10
3	15	94	4	14
4	14	88	4	11
5	9	59	4	9
6	10	64	4	11
7	8	52	4	8
8	19	118	4	14
9	12	76	4	10
10	9	58	4	9
11	10	64	4	10
12	10	65	4	9
13	9	58	4	12
14	9	58	4	9
15	8	52	4	10
16	11	70	4	11
17	8	52	4	8
18	9	58	4	10
19	10	66	4	9
20	18	113	4	18
21	11	70	4	12
22	8	52	4	8
23	10	64	4	12
24	12	76	4	12
25	8	53	4	9
26	10	64	4	11
27	8	54	4	8
28	10	64	4	11
29	8	54	4	8
30	11	72	4	13
N	R	field	yita	Up	TRIAL	pop	K1	K2	Gm	MUI	best	mean	worst	evalFit	ok%	avgT(ms)
100	15	564	7.06858	4	30	3	5	5	100	0.5	4	4	4	67	100%	10.5333
no.	gen	evalFit	result	time(ms)
1	5	34	3	7
2	6	40	3	6
3	6	40	3	9
4	5	34	3	8
5	5	34	3	6
6	4	28	3	5
7	6	40	3	7
8	6	42	3	7
9	6	41	3	7
10	5	35	3	7
11	4	28	3	6
12	5	34	3	6
13	6	41	3	9
14	6	41	3	8
15	5	35	3	7
16	5	35	3	5
17	5	34	3	6
18	6	41	3	6
19	5	35	3	6
20	6	40	3	8
21	7	46	3	10
22	6	40	3	11
23	5	34	3	8
24	6	41	3	8
25	5	34	3	6
26	5	34	3	6
27	4	28	3	6
28	5	36	3	7
29	5	35	3	7
30	6	40	3	8
N	R	field	yita	Up	TRIAL	pop	K1	K2	Gm	MUI	best	mean	worst	evalFit	ok%	avgT(ms)
100	15	577	9.42478	3	30	3	5	5	100	0.5	3	3	3	36	100%	7.1
no.	gen	evalFit	result	time(ms)
1	6	40	3	7
2	6	41	3	6
3	5	36	3	6
4	6	41	3	9
5	5	34	3	5
6	4	28	3	5
7	6	40	3	9
8	5	34	3	7
9	5	34	3	8
10	5	34	3	7
11	5	34	3	7
12	5	34	3	7
13	7	47	3	10
14	5	36	3	7
15	5	34	3	7
16	4	28	3	5
17	7	48	3	9
18	5	34	3	8
19	4	28	3	6
20	6	40	3	8
21	7	48	3	9
22	4	29	3	5
23	6	42	3	9
24	7	47	3	10
25	8	53	3	9
26	6	40	3	8
27	4	28	3	7
28	7	46	3	8
29	5	34	3	5
30	6	41	3	8
N	R	field	yita	Up	TRIAL	pop	K1	K2	Gm	MUI	best	mean	worst	evalFit	ok%	avgT(ms)
100	15	598	9.42478	3	30	3	5	5	100	0.5	3	3	3	37	100%	7.36667
no.	gen	evalFit	result	time(ms)
1	5	34	3	7
2	6	41	3	6
3	4	28	3	6
4	6	40	3	7
5	3	22	3	4
6	6	42	3	8
7	10	64	3	10
8	5	35	3	8
9	5	34	3	8
10	6	40	3	10
11	6	42	3	10
12	6	40	3	9
13	5	34	3	8
14	5	35	3	7
15	4	28	3	6
16	6	40	3	9
17	6	40	3	9
18	7	47	3	10
19	6	40	3	10
20	4	28	3	6
21	8	52	3	12
22	6	42	3	10
23	10	65	3	19
24	5	34	3	8
25	5	35	3	8
26	6	41	3	9
27	7	46	3	11
28	7	46	3	10
29	10	66	3	14
30	6	40	3	10
N	R	field	yita	Up	TRIAL	pop	K1	K2	Gm	MUI	best	mean	worst	evalFit	ok%	avgT(ms)
100	15	583	9.42478	3	30	3	5	5	100	0.5	3	3	3	40	100%	8.96667
no.	gen	evalFit	result	time(ms)
1	4	28	3	6
2	5	35	3	7
3	5	34	3	5
4	5	36	3	6
5	4	28	3	5
6	4	28	3	5
7	5	34	3	5
8	6	40	3	6
9	5	34	3	6
10	5	34	3	6
11	5	34	3	5
12	6	41	3	7
13	4	28	3	5
14	4	29	3	5
15	5	35	3	6
16	5	35	3	6
17	5	36	3	6
18	6	40	3	7
19	5	36	3	6
20	4	28	3	5
21	6	40	3	7
22	3	22	3	4
23	7	46	3	10
24	4	28	3	6
25	6	40	3	9
26	4	28	3	6
27	5	34	3	7
28	5	34	3	7
29	5	34	3	8
30	6	40	3	7
N	R	field	yita	Up	TRIAL	pop	K1	K2	Gm	MUI	best	mean	worst	evalFit	ok%	avgT(ms)
100	15	538	9.42478	3	30	3	5	5	100	0.5	3	3	3	33	100%	6.2
no.	gen	evalFit	result	time(ms)
1	7	46	4	8
2	11	70	4	12
3	8	52	4	9
4	7	46	4	9
5	9	58	4	11
6	9	58	4	9
7	10	64	4	10
8	9	58	4	9
9	8	52	4	9
10	6	40	4	7
11	10	66	4	12
12	9	58	4	10
13	8	52	4	9
14	7	46	4	9
15	8	52	4	10
16	8	53	4	10
17	9	60	4	12
18	11	71	4	12
19	10	64	4	12
20	9	60	4	11
21	6	40	4	7
22	8	52	4	10
23	8	52	4	9
24	7	46	4	8
25	10	66	4	12
26	10	64	4	11
27	8	53	4	10
28	8	54	4	11
29	7	47	4	10
30	8	52	4	8
N	R	field	yita	Up	TRIAL	pop	K1	K2	Gm	MUI	best	mean	worst	evalFit	ok%	avgT(ms)
100	15	573	7.06858	4	30	3	5	5	100	0.5	4	4	4	55	100%	9.86667
