8.71303 29.6106
1.5305 16.48
0.862148 20.9311
33.3476 26.458
36.3964 22.7256
38.4213 22.924
32.7326 14.1102
10.2924 7.60674
12.6408 17.9144
32.0612 1.45573
27.5628 11.9678
48.7747 8.70388
21.6559 18.2196
6.32649 31.431
44.3693 46.2508
27.1813 23.6656
44.38 42.7351
18.2043 49.1134
2.66884 23.4397
30.9503 31.547
37.5912 39.288
19.7043 11.9449
39.7122 3.07779
17.5863 1.42521
19.2541 28.4005
26.0292 44.0489
23.954 7.33512
37.965 28.5333
10.1245 28.4722
39.9869 12.981
24.7841 11.8305
13.8615 1.63274
31.5989 12.2318
32.6472 37.7514
38.5067 17.6992
21.7521 1.66478
9.8117 44.4304
30.2667 28.0694
20.5557 4.91806
32.8394 31.6141
35.9966 0.784326
7.44652 4.85855
23.986 16.8737
9.34935 27.6543
33.0805 18.1799
36.5505 2.01117
44.1862 26.1803
7.06961 1.5244
28.5379 26.1055
43.3592 49.4003
19.863 31.753
34.138 14.1667
33.4925 9.35545
18.9978 37.1303
40.2707 37.1273
16.0772 30.607
28.0648 1.97455
38.0947 11.0492
8.67794 10.0284
17.0934 6.07929
2.98318 12.4531
33.1874 49.5132
12.1036 23.1971
17.6077 3.42875
7.42515 30.1675
25.4006 21.3767
47.2884 26.4489
48.0468 41.7249
3.1251 13.0818
11.3498 25.2709
2.91757 0.00457778
28.8827 26.1483
24.7215 6.68966
6.31123 10.094
48.1124 39.0591
16.921 9.13572
46.3622 44.2152
43.6323 26.783
27.1371 19.5914
7.84173 32.7494
4.55489 28.0435
30.3949 11.3102
10.39 45.4543
44.9889 2.3133
27.2698 42.436
9.33561 48.9502
1.62664 26.6732
34.402 41.3007
19.2862 47.4624
27.0043 19.7775
1.42979 39.0332
16.1184 27.459
3.80108 4.1963
8.17743 25.4372
26.9448 14.89
41.7005 10.2008
20.278 31.1716
36.5291 47.1435
37.8491 15.244
8.02942 9.23185
28.544 42.0606
41.5342 34.9361
18.5873 33.0607
47.3464 44.4349
19.1458 14.6336
41.641 28.1976
16.8371 27.8359
23.5359 47
29.9554 40.9497
43.6857 7.40226
38.2458 41.4273
34.6736 1.81127
19.0115 8.80001
48.5504 27.1294
47.3983 45.1094
21.8024 21.0837
43.6308 14.4063
13.0802 30.314
25.0511 17.9083
33.9869 49.234
45.7503 6.36158
18.2501 43.7666
31.6019 6.16321
49.5895 49.0188
43.5362 10.831
43.5743 4.91653
26.8242 14.3513
3.81329 18.923
29.2367 37.9955
47.7706 19.834
45.8373 27.1523
22.5013 41.789
23.2734 19.7424
5.67949 2.47658
31.3334 12.775
12.157 14.6931
34.6049 28.6172
1.42369 45.2055
22.0557 7.52434
6.24714 10.0894
27.3202 28.016
27.8253 20.5313
47.5295 31.6263
17.7389 18.1845
43.4919 3.63018
42.0621 14.1408
29.0277 36.2865
47.8835 20.5741
32.281 26.1452
27.5948 39.1354
36.8114 32.0261
1.25584 45.1247
35.287 45.1811
12.3188 31.55
3.5905 48.2406
7.05435 2.1012
28.1442 14.4871
42.9853 27.1111
44.2671 24.0226
46.6277 1.56407
18.3828 48.3963
15.862 19.2373
31.8949 30.2393
37.2646 1.98676
49.5239 9.50804
13.6525 48.3062
29.9249 22.8416
22.2419 40.1471
11.4277 27.6467
48.6511 22.1503
30.6619 27.4407
17.1072 42.2559
6.90939 0.0412
12.1616 17.8304
0.0061037 5.13016
12.2166 16.3411
24.575 22.7897
30.1706 14.6306
28.4265 49.5514
31.5271 25.8843
17.9296 3.53252
25.2419 8.32087
38.1771 15.215
47.6379 44.6974
40.73 5.42009
34.6995 6.66524
46.7895 27.076
3.06711 43.0616
38.583 22.2907
35.0276 6.17847
36.787 21.3462
37.8124 5.10117
46.8001 35.1253
22.5455 0.135807
31.6691 17.5726
23.1178 27.43
44.4975 49.7375
0.314341 17.8274
28.132 21.952
1.5244 49.0219
14.9495 15.7231
21.3065 45.0697
34.5515 11.9007
33.1629 12.3432
12.1845 26.6564
37.8124 25.959
15.7002 1.88147
48.2803 5.75121
33.8466 1.52745
7.11234 45.8846
43.7361 40.4706
6.03961 37.109
0.282296 47.4487
3.38603 45.7839
5.41856 38.6685
9.55382 38.6761
39.9106 3.58745
35.8791 17.6473
15.5919 29.4885
27.1798 3.24107
30.8084 16.3732
23.3131 31.283
36.9076 8.76186
20.0476 1.50456
48.5702 45.938
24.5567 42.317
5.80157 7.21763
25.8629 30.7138
20.4047 3.80718
25.5318 31.457
14.7252 43.7956
48.9349 44.5357
35.4991 21.8558
32.3832 24.9962
0.614948 10.2206
6.46687 14.2033
11.6001 2.48878
20.8884 46.5774
39.6283 36.8236
31.1075 20.8914
17.8838 0.102237
42.1278 0.186163
48.1033 39.6084
29.7189 29.3481
4.04675 33.7703
34.3913 34.431
39.8053 48.5778
48.4359 42.7824
35.6624 31.1838
41.348 38.0306
39.3933 17.2933
43.9406 38.992
35.7784 3.86212
36.4574 16.5792
2.14545 13.712
11.008 37.7499
32.7723 3.58745
3.63323 0.561541
39.9396 42.2422
16.2999 49.4339
14.4536 10.0986
24.1646 34.6019
3.47301 47.0672
38.3923 4.91348
38.4106 0.0427259
19.8645 47.969
20.7526 46.7177
14.0706 16.6814
48.616 47.1694
2.50099 6.34327
41.8088 49.8947
40.8719 21.2317
48.2742 3.76751
29.4519 44.8241
39.671 2.53304
35.8669 2.69784
28.9315 13.3747
15.6178 32.1757
17.6077 16.1306
0.703452 47.7401
5.8153 4.71358
1.59154 16.3488
22.5898 27.3095
42.8999 31.6599
9.44853 16.8889
28.0694 1.23142
15.0227 38.6395
3.37077 35.8043
33.4925 5.82904
16.5166 4.66018
44.7249 40.7117
40.2326 46.1898
38.8485 31.9895
6.07624 47.673
33.1462 15.453
18.8269 33.3796
14.0141 29.2932
46.7437 25.0191
11.8564 20.7053
8.02332 13.625
41.6837 5.32243
48.7686 6.9216
17.2613 6.03504
32.7494 41.2458
21.5949 22.7744
38.3267 22.0786
41.5845 9.8117
32.7815 32.2596
49.6399 12.1448
19.4311 21.926
40.0937 37.524
27.7871 19.2679
3.20292 15.6835
42.1018 26.1391
44.5738 21.3507
38.609 37.5912
32.7799 12.5797
26.7663 49.4003
33.0576 10.9821
14.8106 42.645
9.8117 25.4158
44.9416 9.39512
5.80157 45.6908
18.4576 8.57723
30.7978 7.85852
6.13269 16.0802
17.513 7.64794
14.1652 8.15302
27.6452 13.6067
1.00558 42.1842
15.8193 6.50197
15.3783 23.8823
34.2647 46.5819
0.798059 24.9687
36.0073 45.1903
36.9182 40.4065
9.43175 42.3795
12.9872 49.2401
1.98828 17.0095
3.76598 18.1265
15.8803 30.958
43.1959 11.5925
33.5322 33.9457
16.1092 48.0941
5.65813 30.5933
13.3625 15.9368
9.73998 36.2346
20.6198 38.1359
11.7252 23.0644
36.1614 0.242622
38.7707 33.1843
38.0032 30.2423
45.8113 10.1001
45.6481 44.5524
33.8191 25.248
46.7788 49.1974
2.5071 1.08493
34.1945 10.2329
45.3429 7.34428
23.3299 32.461
19.631 31.9895
45.6404 10.4984
49.5392 3.4257
38.1848 41.3022
44.8149 15.5736
24.7093 12.1479
43.0662 32.2993
8.55129 3.18308
8.36512 22.8339
22.6737 18.5873
44.0291 4.69375
7.12302 35.3984
2.36061 45.6938
9.27152 34.0861
49.1958 1.58849
27.0989 49.9374
16.0115 40.9497
40.8673 9.2761
47.4837 33.7764
3.48216 39.642
27.2454 5.47044
34.8643 17.922
39.6802 32.6853
40.6232 45.5718
0.572222 32.6395
0.373852 14.9144
14.4169 22.4494
45.996 5.6444
41.1878 0.0473037
25.1259 25.544
30.4056 23.2322
20.249 34.521
5.30717 38.4442
18.6346 15.9963
4.90585 35.7921
3.49132 34.7301
16.7913 31.9285
11.6092 45.117
8.45515 7.30308
27.8283 39.0545
39.9777 49.3942
11.623 47.412
15.8467 28.431
26.1498 34.1716
8.78933 7.22678
15.0243 47.3174
13.3503 11.6443
47.1801 15.5217
12.0945 13.2542
25.0999 4.69375
12.1998 0.793481
26.7479 23.4535
35.2931 41.9294
26.4916 41.5952
18.305 11.9282
15.3462 10.6006
8.17896 40.7849
15.8574 0.270089
8.24152 5.3621
11.9083 40.5194
9.03958 18.1249
38.7921 32.4229
11.4719 39.0042
3.84686 17.5588
25.0053 11.9755
32.9783 19.715
48.8189 2.91452
13.3518 48.0148
18.6499 40.2738
27.6162 25.5348
27.1981 35.1451
49.9207 32.49
0.848415 32.3115
49.0768 27.9962
40.5896 18.7857
19.1488 39.5444
9.87121 41.4426
32.8166 34.1945
27.2698 10.303
37.7773 10.5686
46.7406 39.0133
41.5509 25.7225
33.282 49.1043
4.96536 45.9227
16.8279 39.5688
39.6558 35.4259
32.1665 48.3535
29.8517 22.3075
27.7123 7.28935
23.838 5.4033
0.936918 17.0507
15.3188 41.4167
43.2768 43.6964
10.0513 26.2764
2.30873 13.3473
48.0514 9.79644
44.0565 6.58742
26.6579 7.68761
23.1697 29.1147
44.818 0.00152593
43.8505 10.2374
13.8401 30.0653
19.3091 5.76342
5.00504 42.9609
12.5629 6.84225
29.2688 27.6238
16.4006 31.3257
19.4205 1.61443
5.31327 49.2157
10.0116 2.62764
17.2185 18.7567
35.3175 25.8034
47.7798 34.7301
40.7071 20.8991
15.125 15.5202
27.6894 38.3938
27.8069 30.517
27.9687 38.5708
13.7837 44.4029
26.812 2.66121
43.2554 29.9097
31.0526 10.0986
3.14951 25.5837
2.02643 20.9342
6.10065 40.141
48.7732 27.5185
41.6898 29.9585
1.78533 14.4581
2.79244 1.2833
12.6637 40.9528
44.8531 13.7043
49.9359 34.5439
10.8463 36.4513
36.3964 10.3656
29.812 34.1044
48.2604 4.94095
21.7032 33.2408
21.4393 38.583
16.4251 46.6185
35.2672 45.4817
19.8233 6.42567
18.9734 35.5296
34.4707 33.1965
1.22684 26.9463
18.0456 41.908
48.059 13.7577
37.1227 11.861
9.46684 7.21458
49.1867 21.9031
20.0446 15.1921
20.6763 27.5185
23.9036 48.6389
13.8874 31.399
19.2389 19.1412
0.521867 24.0272
42.8343 16.6723
34.7224 45.8373
39.816 31.5577
43.3805 47.5265
38.9782 9.7644
16.5471 0.0671407
28.9834 5.53911
5.76342 31.0022
5.75884 20.484
13.0985 38.5434
36.3979 43.0998
28.724 10.1047
9.85748 27.9046
49.8505 46.7589
19.8263 28.1564
38.8073 20.2261
49.9863 21.2394
3.10678 13.9515
7.06351 40.8093
5.29191 24.8146
21.9321 4.71969
35.371 27.0501
14.0919 2.83364
3.67138 24.9443
39.8511 33.7367
36.9243 45.8571
19.4983 4.4496
35.3633 0.138859
13.802 32.2077
23.693 9.50957
45.1384 12.3173
3.69884 30.4453
33.5414 41.2259
41.348 24.163
43.0448 8.80306
46.1516 49.7421
8.55129 48.9395
25.6508 31.9452
38.6044 12.4882
22.7989 30.3232
14.3406 1.67089
19.0603 11.1408
29.957 29.9219
11.0645 48.7091
44.9782 46.3225
43.585 7.65099
43.6705 38.6303
6.68966 32.7204
21.8802 3.98724
29.8746 47.6745
46.6475 1.37486
30.9564 39.8022
8.85647 24.8497
2.58492 31.6614
14.2964 11.6642
44.1649 16.5838
33.3918 24.3019
21.9749 9.50652
4.94095 20.5039
15.363 39.7107
14.185 0.340281
31.753 36.9976
40.4843 44.4121
48.3276 37.907
44.9492 32.1955
13.1825 13.4999
43.3241 4.66781
13.7715 45.2986
34.434 10.2023
45.436 0.917081
29.5145 47.8347
37.8491 35.9844
2.72683 46.9543
22.1915 23.8762
8.18659 47.4975
46.8566 39.8556
33.7931 19.6677
24.4896 1.17038
37.2051 37.289
18.2211 39.6664
34.2509 43.8261
49.8306 8.46889
35.0871 25.1396
37.7285 49.35
48.4283 28.0557
47.5249 22.2465
49.1607 38.7829
12.9963 23.5969
29.6381 10.2618
10.2985 44.9828
29.9875 2.5132
43.199 48.6709
17.7267 25.016
22.1503 11.6138
12.0182 45.2086
45.0468 14.4765
22.8568 2.17444
12.4348 27.2256
0.512711 39.5596
35.0139 17.8854
15.5492 46.7803
16.2343 35.9905
14.7038 22.6081
17.8106 47.3037
22.9728 0.178533
40.9497 21.3736
37.2021 47.4837
31.1151 48.4893
31.4798 32.4137
39.1491 37.5744
19.6738 16.419
46.5423 21.6269
45.3993 15.8483
37.6812 22.219
44.7462 45.0117
26.8807 49.6506
2.07068 30.0607
23.0155 40.3073
44.1725 7.72271
39.5611 7.79901
43.144 47.9659
32.8532 9.41038
23.2505 14.6413
26.3863 4.46028
42.1033 3.19987
3.96435 6.11591
41.4792 19.4922
29.5053 3.22123
38.0688 38.7646
26.3115 3.71715
49.4812 8.88852
23.6442 26.1956
25.8263 36.8938
3.3784 41.1664
32.1589 22.8492
4.57778 38.5952
2.12561 30.195
18.7872 23.2658
8.11487 6.54012
33.8618 14.5482
18.2134 44.0321
9.14182 2.11341
35.3114 43.3058
39.7992 34.1731
38.6227 20.1544
43.1364 39.7992
22.9865 18.9016
24.6818 11.8915
6.21204 21.5873
6.89413 2.3484
49.8199 17.0217
28.2556 6.00909
13.4571 18.7551
45.5916 34.9239
38.3419 46.0463
47.4471 9.52483
29.9905 6.86972
11.2812 18.2546
35.6044 47.0519
12.3478 22.2083
36.3811 4.56099
17.0202 6.35548
0.0869778 33.0683
18.4332 3.91858
14.1881 33.7657
47.2015 45.4512
44.8698 9.58892
15.0456 9.17539
42.2391 30.8481
24.1661 24.1798
37.0388 26.3314
0.114444 2.97555
49.1729 38.995
31.0526 5.04166
3.35551 10.2313
21.1371 7.86767
22.2251 31.843
40.8994 37.0907
42.1735 29.7205
32.403 32.2703
22.277 18.3599
1.99286 49.8779
41.5906 40.2142
8.47041 30.0424
5.13169 28.9834
29.4733 28.6462
3.87585 10.886
13.8997 41.3022
49.0631 32.9966
3.18155 20.7877
26.1315 32.6685
29.2169 14.5039
38.5983 37.1639
21.7673 23.5191
37.196 7.50298
33.1523 9.74914
4.56099 15.6178
13.0314 2.84585
40.8246 18.8681
41.11 33.3644
20.3619 20.9861
0.538652 43.7452
15.0868 33.5139
49.8962 3.7141
4.52895 26.7754
26.4626 31.6157
18.0486 34.4859
38.699 48.2803
29.5068 1.00711
30.6803 14.9709
49.6704 35.3771
26.31 31.9742
36.6909 11.0996
36.1415 49.3927
19.9744 25.8354
34.6049 16.7135
7.71661 9.99481
40.4553 22.7103
23.4672 48.3261
8.26289 2.23395
41.998 3.55083
13.7455 11.4643
19.7989 6.12812
40.759 48.175
40.521 49.1699
2.75887 18.5873
20.6702 2.60781
6.56758 27.3766
45.8739 35.6761
41.2061 42.3582
33.0088 11.7161
49.6628 10.4724
38.5464 44.4594
16.3686 26.5908
8.37428 29.7479
28.2235 31.7026
39.462 41.8485
41.9523 42.0866
48.6267 8.34986
15.6301 35.9752
18.7689 2.74972
37.1853 49.3225
17.8381 18.7811
7.67541 7.19626
10.8798 15.5293
12.1723 42.4009
10.4572 47.4212
36.0485 27.8405
35.7616 18.1387
9.49278 24.2439
25.7286 22.5196
38.0596 19.7653
26.4718 15.508
2.05695 13.0421
48.3459 22.2175
32.6167 16.2847
12.946 28.1732
47.2045 29.9387
35.374 13.7913
2.45064 15.4912
12.0472 22.158
47.0534 17.9891
9.41343 24.1722
32.5983 14.8213
23.8411 20.1117
15.1067 42.346
8.01111 41.6944
5.11643 26.8838
34.1441 43.6842
49.1058 21.7078
39.3277 49.1119
0.0747703 26.5191
23.31 37.167
10.1215 41.0184
44.0428 37.846
2.76803 29.1284
31.2708 22.3716
7.91803 45.4054
13.5304 3.50505
17.2002 0.23957
28.8202 34.7621
42.5474 15.3768
14.2705 22.6325
35.8058 46.3332
45.1582 40.8414
2.19733 23.2719
18.5079 10.7212
15.4347 36.903
1.67852 36.7763
17.3086 20.951
41.1695 11.4628
9.5706 7.78527
2.00964 28.2907
20.9052 8.74203
33.0271 17.2689
6.81173 45.7274
28.2983 41.7936
15.2135 35.638
30.1141 21.0135
25.5959 4.19782
43.7544 16.7562
44.5036 30.7367
9.38749 49.0539
15.1799 0.477615
1.43284 29.3558
24.1966 15.9413
0.643941 25.4784
12.8574 43.9604
9.28678 47.351
26.2108 49.91
4.68001 17.6229
7.45109 45.7289
1.43895 16.213
20.571 3.23649
17.7099 12.8239
9.0228 9.37986
15.7338 26.5206
23.2505 14.9098
12.0273 26.4229
24.8589 3.09458
27.5185 12.5736
0.279244 30.0058
22.9209 41.0352
41.6974 12.9521
39.6878 32.2947
28.0953 18.6239
41.8363 27.0425
14.1987 27.5018
28.9697 28.3502
10.1444 26.0964
15.7933 44.3663
9.68047 3.58898
48.4649 20.5359
49.7299 4.42213
3.0488 25.4616
9.08536 13.419
36.4391 29.4122
29.1162 24.9702
35.0108 39.5901
14.214 22.8828
31.3562 31.1869
44.8836 22.4189
34.3974 38.3114
11.1988 1.12003
43.1745 43.8398
49.5239 19.953
39.6603 32.252
40.2295 11.3483
30.8756 44.5204
49.295 35.7112
35.641 49.1119
21.5339 32.9279
36.2651 18.1646
8.32392 20.4794
40.4904 22.9148
37.6003 14.6809
24.0043 37.3943
8.95566 26.6366
48.8311 14.5268
21.6544 9.46532
27.9031 23.632
18.3569 8.35139
31.164 13.4098
2.3896 39.996
3.4547 39.4986
11.362 3.02286
39.5489 20.6229
4.93942 45.9105
36.6283 12.4363
49.588 43.9848
19.5013 13.0894
8.10572 12.0884
8.90378 39.6039
16.7638 4.43587
28.1655 39.1034
7.83563 28.2342
18.572 23.9875
10.3595 22.6539
8.72982 45.0789
36.9457 29.6793
8.25678 41.8119
39.4147 8.42463
21.0852 33.5673
41.1039 19.4662
48.7213 41.1481
28.6493 30.752
28.7423 2.5132
11.0477 21.6636
28.8888 21.8101
28.8186 36.7855
41.998 15.7598
21.0715 15.9337
2.15155 46.4858
33.3079 2.03101
17.3391 4.80667
23.7434 3.36009
38.8989 33.1141
0.987274 11.7908
13.1245 1.82043
0.885037 3.51268
35.2992 28.5272
35.3175 23.8594
1.48015 3.88958
20.8029 32.7708
28.3563 13.3229
19.689 12.4653
36.4772 18.5339
1.75634 13.8859
17.185 38.0078
9.03806 43.469
28.5379 40.463
31.6904 16.8142
40.556 40.3699
27.691 30.81
25.1015 9.57671
44.2122 30.7794
10.683 44.1191
23.4626 24.2012
47.5417 0.241096
0.810266 17.5909
3.26395 38.7661
28.0145 28.0709
34.3257 41.7753
29.3451 46.2233
3.76751 40.7575
23.455 1.76397
40.4324 20.2185
18.7597 8.62453
9.9704 35.8562
15.1875 40.9818
43.0143 11.3407
20.0674 16.7989
40.7559 2.77718
11.0141 40.4782
3.31126 44.9004
3.57372 31.1182
1.13681 18.07
6.48976 38.0108
34.8186 0.140385
22.3563 19.8904
3.56304 42.2452
26.5175 39.5276
27.694 32.5648
31.9849 0.193793
45.4482 37.1654
23.2063 25.6172
29.4244 31.9285
16.5044 9.9292
42.9579 14.6748
29.9692 39.2071
31.7469 11.5085
20.6595 11.156
21.0578 16.483
21.8757 4.49995
13.802 28.6065
38.3709 24.6498
9.79797 25.2953
32.255 27.1798
41.5555 36.3018
7.46025 45.732
46.8505 7.19779
25.5409 25.8461
23.4565 16.4693
10.6311 41.3343
36.2972 35.2901
26.3848 44.7172
22.3594 44.0291
32.6914 28.3227
13.6738 44.5647
4.99588 47.5753
23.6793 32.458
24.0303 33.0683
17.2597 18.0471
18.7521 42.9579
9.8117 10.5441
20.3467 32.2611
15.6072 4.17035
10.0436 40.6034
40.7956 30.4041
18.6239 24.987
41.3434 15.4149
10.3778 39.1491
41.2259 6.72628
9.36003 36.0485
31.196 8.18506
0.735496 45.0774
43.4172 37.2906
15.041 0.52797
22.2968 43.9497
28.164 22.9057
36.8221 4.71816
34.8628 29.6182
4.70901 31.6111
28.6325 26.6396
23.69 9.4882
45.7213 7.67998
30.224 1.15818
6.13422 12.4561
30.9854 34.1868
9.42106 20.5756
27.3934 8.52992
18.0425 32.664
28.5455 39.0194
36.1721 15.2303
22.8233 21.7627
16.6997 10.8875
3.50505 38.5647
4.29395 40.4553
18.7109 38.3602
47.2854 48.5183
40.9513 9.79034
36.2178 19.0161
26.6381 33.9381
1.89673 12.4042
10.8386 31.3044
30.6864 0.959807
7.60216 42.0972
29.9265 3.80413
11.1576 3.86212
1.25126 48.1796
18.3126 15.5644
4.63881 8.57265
17.3467 2.13019
20.9876 0.228889
13.7272 18.569
46.0433 28.6157
37.9528 7.68609
23.4794 21.4087
5.83819 0.482192
49.9741 44.5738
26.5526 23.2856
10.0345 29.0704
28.7194 0.691244
23.4596 9.77966
49.9084 18.3599
13.1748 3.19681
9.80407 34.7392
26.3192 25.4479
12.389 5.78173
16.3518 27.2179
47.4364 11.7054
19.01 47.1191
36.6314 49.8718
29.928 10.0848
44.6471 32.8379
16.7302 22.3533
0.450148 5.6505
23.4062 39.5856
49.205 21.4377
49.7787 9.68505
30.0134 39.3582
13.8966 16.9164
49.8978 33.99
30.1401 28.8095
49.2431 30.195
10.8554 22.5059
29.0765 2.54524
24.3538 42.0286
35.4839 3.34788
17.0522 13.0833
21.4408 8.35902
32.6045 16.9485
31.4249 44.2351
35.8013 49.9969
29.078 36.7687
24.0791 20.4291
13.2542 44.0168
34.4356 8.7817
42.7549 13.3244
28.5653 43.7681
15.0746 26.3588
14.0339 19.9927
19.454 21.1798
34.3028 9.15708
9.57213 5.43229
35.4015 41.258
16.1672 49.7162
42.0881 7.3748
44.9263 25.1793
1.28636 10.6098
29.9265 24.4316
25.6233 16.7257
37.9711 29.8105
44.8714 31.0556
44.1023 18.0715
48.1216 3.24412
23.6213 15.5736
24.4835 36.3903
30.9351 43.0113
35.1482 2.13172
10.5197 13.7562
24.5857 38.2717
10.3305 24.8878
3.73699 30.4605
42.967 4.94247
12.9902 4.54421
14.8946 7.48466
47.7355 31.1121
19.071 14.5238
4.34736 18.8055
11.2247 38.8668
29.3954 47.9751
15.1753 39.4559
29.8639 21.2195
27.4453 38.7555
27.2439 32.3908
16.5136 6.25935
13.2786 30.6024
37.0022 47.1694
40.1746 30.8481
4.12305 10.2969
3.10068 47.7309
48.6969 4.30158
47.7966 3.92926
48.0209 36.2575
11.0691 39.9152
2.97555 11.6596
27.0394 26.5053
6.59658 9.92615
6.89261 6.81936
24.4774 24.4392
25.0084 19.1809
32.3008 31.1991
19.2206 27.5399
30.81 25.164
38.0795 10.9882
33.5398 38.3221
42.8724 38.9096
47.5982 28.5638
47.2564 33.3354
42.8495 3.41655
2.30567 45.0804
29.7662 17.7114
9.76592 45.1979
41.3053 9.2288
21.3584 8.33918
39.0851 11.4032
6.91702 39.5688
39.1934 7.13828
49.2096 21.1844
27.9504 12.7918
48.1994 31.1502
12.9109 6.41499
42.6176 9.63469
29.4366 39.2697
31.6263 25.2983
48.1491 44.731
4.38551 17.8091
3.57067 33.6009
10.3519 18.2226
39.285 39.9152
28.103 23.7403
39.8801 6.30207
15.5156 28.428
45.0636 22.9591
49.1058 36.4544
16.1794 9.28526
35.3374 9.40886
0.506607 2.28126
1.71361 24.279
13.6097 40.7285
0.476089 43.6018
35.0734 9.23185
32.7052 24.424
37.9284 31.2098
25.6371 17.5665
47.0779 24.8436
21.0379 33.7962
47.0458 11.0996
7.40379 28.4478
34.3486 37.8521
3.83465 31.0724
34.8155 9.18607
28.3654 21.6605
31.1518 33.9442
8.60317 30.018
21.0761 32.5587
17.4459 9.83764
1.34281 16.2679
41.7158 14.0553
47.9385 27.7413
16.5181 23.0247
37.7941 7.19474
33.1324 2.09052
32.3191 23.0735
3.25175 40.1288
18.0471 31.3227
37.3836 45.5809
24.7398 2.34993
20.217 1.60375
16.2328 29.7327
40.788 6.84378
24.3583 9.69726
10.2298 3.4135
21.2363 5.50096
24.9382 18.6514
0.262459 35.7067
7.96075 22.2083
11.1042 0.456252
36.4223 25.0282
19.0054 34.8155
37.788 21.7811
33.7199 3.18613
12.7995 3.32957
28.3959 23.9479
17.8838 40.759
43.7056 38.2931
14.8305 17.5665
47.5417 12.3905
20.5878 11.5513
45.5947 36.9045
14.9525 2.97098
13.1275 12.9292
38.9935 10.5396
43.2417 38.432
42.0026 31.8155
31.9697 34.2265
9.79949 39.5337
45.4909 23.5755
32.197 10.4846
39.7916 4.45723
42.4268 38.4518
28.0816 28.5836
36.3628 7.80053
16.2694 26.1986
4.34431 29.2795
1.82195 40.7636
33.4025 14.5817
6.31886 12.5492
12.6988 41.2549
37.0006 25.2312
0.0305185 34.4783
47.6409 4.52132
32.1467 17.3223
44.0443 32.9279
36.7504 6.02435
4.49232 19.6738
28.9605 1.82348
10.4373 39.874
0.0686666 5.97552
7.75323 31.991
31.3852 9.44243
43.8902 17.6748
40.9925 33.871
1.1887 33.0149
46.234 25.399
21.7399 35.2824
49.7314 27.8512
44.0077 24.2317
31.7423 36.8999
46.6308 42.0011
6.69271 11.7359
19.6341 40.7041
26.6717 45.8312
8.41395 31.7469
39.7076 23.336
0.766015 5.95111
35.6563 12.6972
2.32246 38.551
37.4905 24.0318
20.6503 18.0868
20.8075 31.8339
3.3784 13.3244
19.3838 39.5871
0.624104 17.1926
49.5666 37.8277
47.0595 31.8613
11.3285 32.223
33.9091 33.9641
48.8021 43.2356
16.2114 34.0953
28.0877 3.93536
25.6432 19.5791
15.1677 7.51518
34.2158 44.6135
11.7267 31.0724
39.1766 6.84072
31.6965 37.2295
14.4002 24.4072
26.3375 30.1431
48.6084 2.56203
40.6598 17.481
15.7048 3.88501
9.01517 4.89669
47.5723 11.185
22.66 24.6178
4.59456 47.1297
27.0913 24.6437
14.2781 39.6802
31.9941 20.1758
23.2246 47.3998
41.5967 33.8145
32.8059 33.6665
38.2412 26.072
13.8508 3.89569
26.9997 42.7976
20.6351 44.8027
24.1264 31.048
49.5056 29.7693
47.1816 49.9908
12.4424 29.4137
39.6161 28.37
20.8899 41.3678
37.6553 45.1384
0.132756 28.3792
12.2684 34.7758
29.5633 28.7561
44.0535 43.8917
29.1391 28.2617
13.8401 40.6598
37.3394 7.46788
16.8416 3.63018
0.9476 3.69121
33.1339 41.5296
21.955 1.51372
12.3096 20.539
31.9025 41.0031
5.09964 0.694296
38.9874 7.64336
49.7848 7.91345
18.2287 43.1074
46.1913 43.2188
40.0159 40.846
25.1152 5.74816
7.33665 15.6362
45.9594 31.1014
47.0336 11.1103
30.398 21.5476
25.3487 34.3211
14.9098 19.7378
33.1172 31.4402
29.9509 2.39418
10.8951 43.6216
38.609 45.6099
9.33714 7.10166
42.5428 38.2748
5.15 36.6131
38.02 45.2254
17.9205 6.13727
29.8639 46.646
48.1262 16.1184
36.1217 5.31785
31.6675 11.124
41.2656 38.258
31.2036 37.0922
30.7489 44.3007
9.61638 2.17292
14.7176 14.2232
5.92669 30.2499
23.6976 24.9397
8.95413 21.1997
34.0571 44.3388
49.0463 6.95364
6.07776 48.3261
3.18308 17.423
42.4436 26.6503
33.7931 45.3444
49.9176 29.049
6.53554 24.1234
12.0991 28.283
7.43889 7.72118
5.99994 1.65105
4.63576 16.657
20.2841 7.50145
25.0679 39.1842
7.98669 8.33003
41.4151 1.70751
31.518 17.0354
39.6222 47.5036
32.754 17.8671
12.273 37.7956
36.0561 38.6502
48.1903 14.2628
16.9958 25.837
13.4983 37.0357
44.6242 48.9639
44.5494 37.2372
30.0836 36.0469
47.9293 48.1475
39.3872 16.5181
27.9473 4.02692
3.15867 23.2322
36.8603 20.7083
31.1762 30.108
18.1509 46.9451
14.4902 27.0043
38.2199 0.666829
22.9728 8.33613
26.7266 29.136
31.0724 27.044
20.9754 7.09708
29.6228 40.4447
34.5836 11.9785
6.47755 49.5453
45.8022 40.2081
3.82397 8.37733
25.7607 3.70037
34.959 4.91195
1.98676 20.5954
18.3508 40.1135
27.4697 39.2743
11.8015 6.70644
0.611896 9.76134
4.52132 44.2213
6.37989 41.5403
49.9222 21.8421
23.9479 11.861
46.9405 25.6874
21.16 13.5975
2.72225 2.02185
31.1289 6.71865
34.46 32.992
31.2647 12.4317
43.1944 46.4492
20.0659 14.0767
17.4154 36.4162
11.9739 3.79955
49.2584 45.7579
45.6099 39.114
21.099 37.6217
25.6874 48.3627
45.3841 7.21458
43.9634 49.1928
15.4866 10.4694
49.4583 19.0619
0.424207 11.1682
13.3473 31.8735
41.2168 23.0888
8.7756 49.7696
31.7316 48.735
0.918607 34.1746
41.8119 41.1985
17.6229 15.1463
15.4958 40.7498
45.9258 33.0714
2.15613 12.6743
24.749 41.8012
3.35551 37.9635
29.1269 37.2646
43.234 33.3766
16.2145 0.648518
45.2483 2.48115
28.457 20.1758
23.0811 44.2091
24.1783 30.5628
18.5049 20.4703
30.9366 34.2189
44.0413 9.45158
41.9401 43.2463
13.2115 46.0891
0.840785 6.29597
16.216 26.3237
45.2284 9.36766
23.8044 26.693
4.11084 14.5665
27.2118 15.804
19.7348 25.9468
46.9237 9.27763
39.0164 46.4431
18.1051 44.7035
44.9141 14.9846
35.5113 28.1747
23.0705 37.8552
15.6682 28.9834
34.0083 3.3433
9.16776 23.9967
36.1995 43.7635
20.8563 18.3279
30.3476 33.8893
20.7556 43.8292
20.1483 39.903
3.52031 11.9663
9.88494 7.86004
29.2413 22.6798
34.1487 5.80157
3.39671 5.73595
39.9899 8.51466
28.8034 46.176
16.8355 39.0423
37.3241 20.4077
44.4746 6.00146
34.1868 44.5036
4.40382 0.752281
12.7201 11.2583
24.897 43.5026
22.2968 17.6046
5.03403 42.3826
47.319 8.88699
38.0947 4.60372
30.0562 41.6272
29.5434 13.6982
45.1338 41.2854
29.9738 11.9465
8.50398 6.61336
28.3074 2.04779
28.6935 37.1593
25.547 7.08945
33.1523 35.4534
34.4249 2.86721
27.514 10.4984
25.2251 11.655
20.5771 34.0693
13.126 21.4362
22.8248 26.4031
7.35191 19.7073
1.28178 22.869
17.4459 5.88397
48.5519 48.1399
36.9991 21.3874
48.7945 49.4446
0.125126 11.4582
48.5321 15.4759
31.0007 7.79138
15.0121 32.5037
31.7881 46.0173
40.0052 4.2436
29.2444 7.11081
21.8131 37.08
25.3456 46.8001
33.3247 17.1606
22.2098 2.00812
8.90225 30.9702
16.6677 38.4274
7.94702 5.90075
34.7591 28.2525
37.9192 22.4296
1.49083 22.1641
44.6547 24.4163
16.1687 4.60372
2.77718 29.1223
28.5882 46.4248
14.0233 13.5014
36.433 43.9451
46.2798 28.3105
49.176 8.52535
21.1631 16.6234
38.7875 45.6618
32.9569 38.3038
22.5837 37.7071
6.68661 26.986
48.5092 19.277
28.1854 31.1518
28.1701 9.37529
3.93536 15.8452
37.9482 39.3384
33.5215 26.5938
33.4788 40.6247
2.46284 42.0942
47.8256 31.5439
28.312 17.246
18.659 16.9774
17.7496 43.0677
14.7588 40.1303
17.5481 25.0603
7.1276 0.413526
17.1911 6.61794
5.06607 26.5007
35.963 39.0011
2.48573 18.6117
2.31941 24.4469
4.79751 49.1134
8.37733 34.0098
31.6782 35.4656
47.2808 26.6533
16.0207 24.6086
16.3152 21.1844
44.4075 2.83212
43.556 47.5753
9.36613 20.1941
20.8457 29.2383
18.8009 43.5545
0.949126 22.8416
32.8181 27.282
41.6837 17.1804
23.3314 15.7064
4.80667 17.7099
26.7403 16.364
42.5459 18.2775
34.9651 8.10724
29.4916 36.6268
45.1857 23.1483
22.7515 15.2348
13.5868 17.0766
8.11487 14.0446
33.4162 15.9429
15.0746 46.6521
32.664 4.44349
8.51009 36.5047
11.7008 44.2885
39.8419 44.7081
16.1565 36.8038
15.4622 45.9441
15.36 18.8375
15.2837 4.11695
31.6828 6.02588
19.1778 24.2714
41.0428 22.4906
24.1462 32.3206
39.935 31.0144
10.0223 9.19217
49.2691 2.78024
36.5291 30.9259
0.33723 40.7132
29.4855 41.2732
23.2276 45.5016
38.995 8.40785
32.9753 38.3602
27.4117 42.262
33.8054 29.5923
19.9164 24.0608
36.7351 47.0061
25.4845 24.6574
10.8783 13.271
11.0874 13.1733
13.7425 36.259
36.9381 32.5388
20.8563 1.41911
35.5617 43.498
0.0106815 30.3018
42.5489 13.6235
0.462355 44.2137
11.7618 2.92673
2.36213 47.148
22.8477 22.5944
46.7833 16.9988
13.8295 18.45
41.5906 19.1427
46.614 5.67034
13.5441 31.4417
38.2275 6.34327
1.87078 44.734
15.5828 16.422
13.6662 27.8909
26.5908 3.61797
36.4315 21.4652
15.4363 12.8468
28.0389 49.031
44.8271 30.7154
29.4626 10.2466
23.0216 35.6883
20.5649 44.7447
18.4683 35.4442
14.2781 30.8512
19.8355 18.0044
9.45463 8.25983
24.2775 18.1906
47.7401 38.6807
11.7389 25.9896
44.7569 43.5347
38.0932 38.3541
40.9101 32.7723
4.94858 31.0434
42.1506 13.8707
38.9325 2.03864
45.9716 45.0545
38.2488 13.0955
22.9896 21.8223
19.3457 31.0114
49.3912 10.8509
21.4789 45.1689
10.5808 20.3055
2.01575 12.8864
21.3309 20.6503
30.2561 9.20286
32.7387 4.99893
12.6118 32.5755
21.3202 3.09915
6.94754 43.1303
30.5536 37.9681
8.88546 34.9773
10.1566 39.2758
17.9052 19.1839
23.4489 2.54219
16.0314 18.9337
18.0822 8.17896
16.9393 3.48064
30.4651 39.465
18.2791 12.4165
19.1916 13.5044
15.038 46.8368
47.792 14.2552
6.74917 28.9727
12.0975 41.6425
6.35701 6.83004
32.5663 15.862
33.5597 5.42161
6.84378 0.93234
0.433363 1.13376
42.9075 36.5291
22.1641 20.806
18.07 42.1857
10.6693 42.0804
34.2036 32.9356
33.9686 46.5774
14.4276 10.4221
49.0616 2.47658
11.6565 18.5797
41.1756 28.045
24.2409 27.9015
27.1645 12.6865
39.0713 37.4111
5.88092 47.0763
47.4227 8.35749
13.3335 38.9401
3.88043 18.7124
15.4378 16.0344
23.6351 2.52693
46.1913 42.9075
38.4594 13.2298
24.0486 2.97708
6.71102 24.8924
4.35499 22.5227
47.6394 10.5594
0.613422 38.1085
45.3124 11.6947
32.4183 34.0495
42.5108 37.7834
32.8486 1.45421
19.8431 10.1962
23.1712 45.4039
30.4605 39.3414
37.6171 41.8378
35.6197 49.1806
6.08081 20.7221
11.4582 38.1741
27.543 27.0425
22.2739 40.7132
42.0194 36.1858
30.6009 28.1014
33.8618 25.2846
39.4345 13.152
24.2302 27.0852
36.8923 47.4593
35.519 17.8884
38.6227 25.4036
35.5739 16.1458
48.2894 33.9732
44.5219 43.2478
31.4264 12.4271
11.9846 23.0964
22.9896 10.9043
47.5433 22.0054
13.9119 11.9999
12.2074 5.48875
36.9732 4.41755
3.76904 13.5136
47.293 22.7165
43.7773 30.7688
17.7831 42.2315
49.0097 3.51726
44.8347 43.2524
45.233 29.5953
34.5759 33.4819
6.03656 23.1086
15.0227 42.8709
24.6071 30.4132
44.4014 29.8715
1.1948 48.9151
10.9836 13.1794
4.14594 25.2709
44.7447 18.0395
37.2555 34.547
36.137 1.13987
21.2912 16.8905
32.3176 43.2081
22.5043 23.2963
6.11896 23.3238
35.8974 46.9955
18.0944 14.0507
6.11133 42.0789
16.9408 11.4185
43.7162 5.86718
48.6068 38.8363
19.718 26.6289
19.4082 38.992
46.118 23.1773
33.4697 42.8053
25.2968 27.9458
49.7787 29.4916
26.0765 40.054
29.1879 16.805
19.248 49.9893
16.6784 45.5123
30.3858 12.3997
29.1803 47.1755
42.7564 18.6254
44.2732 9.29289
8.14081 45.468
10.0787 26.8731
48.3856 31.8201
21.6681 4.48469
5.46587 9.67284
34.2631 47.8668
22.9362 41.0855
8.58791 9.14945
16.4907 37.672
8.64895 24.7551
16.5471 14.1743
47.2777 10.0253
40.5728 2.678
49.7284 49.6658
28.0419 29.0307
30.6711 48.0331
45.7778 28.0343
4.85855 28.3715
46.5331 48.9746
26.8105 45.0255
38.6029 28.0297
29.8044 47.6913
49.2782 29.1543
9.50346 11.8061
39.9625 29.9722
22.5211 24.102
5.76952 4.24512
45.2406 37.3867
17.4001 27.5109
13.1977 33.6421
38.1054 7.38853
36.3552 9.4821
23.5786 15.2013
10.5441 23.0293
37.5652 20.3879
20.4428 16.2862
40.9986 4.33363
4.33363 2.05237
37.4874 5.15458
26.0247 29.4656
32.9753 19.9927
24.1859 17.2002
42.3521 16.4052
34.4585 18.4225
0.869778 29.3878
4.61135 6.53859
13.1428 45.6084
48.1033 45.8052
47.5646 1.41453
6.29902 35.8608
8.94345 46.173
14.7343 44.261
47.1847 47.4868
43.6552 16.0466
34.7942 39.8968
8.21101 24.4453
21.0776 43.5896
18.5873 1.71819
45.7854 4.66933
15.3829 14.2827
20.0461 33.6161
10.5548 21.1051
7.416 43.4065
29.2581 29.4733
12.8132 13.9332
22.8492 37.1883
12.1952 34.2479
48.4207 25.2464
30.7581 49.1958
35.1329 40.0754
2.48878 12.0075
32.6868 29.3741
18.8849 19.422
12.2318 20.6381
49.6277 30.8664
15.0273 6.42262
43.0586 48.3139
19.1748 25.3975
39.2483 8.31477
19.7256 3.27158
3.47148 12.8254
42.4802 42.6496
12.9078 0.350963
36.7931 25.8583
4.37941 33.9885
17.6946 19.8508
15.9291 7.92566
2.6368 47.1938
30.0699 48.97
13.1855 12.2532
1.49693 14.6382
36.9686 46.6155
27.0943 14.4093
20.1788 12.7888
41.0245 5.67797
35.9722 30.3018
42.7427 40.9772
49.0432 13.1932
40.7331 18.0288
21.7124 33.0241
19.7684 9.19828
31.8339 46.4034
14.5268 21.9001
47.8118 1.15665
47.3693 16.5227
31.0846 10.1688
13.0787 33.4376
11.3468 6.93838
18.4072 5.64745
4.83871 21.9611
9.18912 8.65505
21.0257 43.9695
42.8953 24.0837
27.9489 5.08438
39.3841 18.6407
21.5995 3.97961
17.7084 14.977
19.6005 6.07013
1.76397 5.99384
24.5201 34.8354
2.58034 39.1842
27.1187 43.3058
10.1169 22.5303
44.8622 29.7906
2.31178 28.5821
15.9932 36.9137
4.25733 48.2131
44.4823 48.001
5.25681 20.6503
16.1748 19.8965
16.6341 41.3602
31.4356 16.2786
28.048 24.2851
24.6132 30.5094
45.1811 20.0842
15.6362 12.1036
16.5685 16.8645
14.0461 35.8898
32.4168 24.9947
20.7801 27.8771
3.18613 22.5806
48.0346 36.9549
0.798059 13.1321
2.49336 16.4296
20.2261 22.0023
2.25684 4.51674
44.3251 33.169
22.7668 17.7847
19.6936 42.8953
42.0499 46.6826
26.3817 31.8583
30.5994 17.1575
49.2569 32.2947
6.18458 7.46788
33.8481 41.7249
48.9273 34.2204
34.4707 9.82391
46.9253 46.704
37.4508 0.00762963
17.7786 43.6079
17.2536 2.27058
26.2978 1.14292
8.35444 48.8693
43.701 26.6732
0.614948 9.39512
18.6483 26.867
41.0321 16.8157
5.40178 4.49843
49.6307 1.01169
19.4159 22.898
32.345 31.4203
15.6896 2.15003
48.6679 45.3063
10.1825 36.0973
16.9073 13.2496
39.6176 44.1923
14.861 18.4011
29.9585 47.2915
8.69015 1.0651
18.9077 31.4325
17.8503 45.1842
2.7131 38.6563
48.8632 8.26899
2.60933 48.9456
5.74053 21.3706
21.1859 42.346
9.89868 10.5991
34.0236 5.3148
37.3394 16.8294
36.8984 20.3818
5.9328 15.0731
43.852 3.15561
20.6275 10.152
6.46229 25.7836
9.35392 10.184
49.6216 40.8658
7.49229 4.47096
44.1145 44.9492
23.6641 47.3479
11.3453 45.6252
44.6989 24.5323
30.4987 21.2897
12.5706 3.5905
43.4416 37.669
31.1151 45.0148
27.7139 10.1138
35.3496 25.5119
32.8852 25.7881
31.196 0.0946074
0.598163 14.7557
38.4381 4.45875
13.6357 34.0846
44.702 24.2836
44.2732 3.96435
3.28837 32.9844
47.2945 9.98108
32.6777 24.4774
17.922 10.5289
0.476089 42.5367
10.0177 13.4831
49.6872 33.2881
34.8399 11.1682
0.0396741 22.4097
35.6853 37.6843
32.2718 43.614
8.71761 37.6614
38.0886 19.9377
15.3096 10.5152
43.6979 24.456
6.18458 19.2282
39.6573 21.9321
2.70394 27.7688
24.9168 17.9922
5.58947 6.16474
47.8027 17.3879
26.3955 17.3421
1.80212 17.8945
12.0487 24.7276
8.9526 41.4243
7.78222 34.7545
48.6236 28.901
28.7332 13.2603
14.5222 0.477615
35.5647 39.8984
7.76391 7.63573
34.402 39.5825
48.7457 28.753
46.3881 5.05234
15.7125 34.6812
17.1941 49.62
42.7885 25.9117
11.7725 4.13678
35.2809 17.8899
14.6764 47.29
35.1009 26.0231
31.2708 33.2225
44.0809 26.9692
10.1169 5.62609
38.0154 47.7554
31.8827 12.2837
29.2489 9.28831
35.0383 9.17692
10.5945 25.8248
23.7175 18.215
38.4304 36.9579
27.9931 27.6223
37.7453 23.6869
11.916 49.0799
36.9991 35.1421
49.6185 20.661
15.5538 27.488
14.8015 19.6249
21.5369 41.6364
3.90942 24.1493
42.9044 21.2516
38.3084 38.0367
39.5596 47.6852
15.7735 17.481
19.3106 43.3332
6.63015 13.9454
15.4912 20.0476
14.8045 22.2144
49.0417 24.105
49.1516 47.6882
32.8959 4.32752
25.3334 31.9651
1.44963 4.91501
43.5957 0.80874
22.9484 9.53551
12.711 23.5267
27.5887 38.2672
15.4485 47.8332
9.16623 23.9113
35.8501 49.2706
33.0592 19.2785
43.6247 9.24863
8.38191 11.9938
6.00909 10.7547
7.10776 48.3703
22.367 15.7918
37.9727 42.9456
1.84484 13.6341
7.98364 25.2098
29.429 3.93689
29.3329 0.114444
40.6827 3.77209
4.53505 23.9097
0.477615 42.6588
47.6058 21.868
6.06708 34.6339
24.0699 49.4766
9.75982 41.4441
17.655 23.6457
31.5531 15.9108
6.44093 25.4967
7.01621 39.5413
6.29597 1.29398
40.7361 43.4187
14.4169 13.0894
10.6464 26.4794
10.77 15.6316
43.5484 10.21
0.268563 11.1026
7.12607 43.8185
3.46995 8.26441
38.7936 48.9761
28.6325 37.55
6.66066 18.1555
32.9203 48.6694
22.9392 5.66424
5.59709 42.3139
5.11185 25.3899
30.9946 12.4958
5.15458 44.3739
14.0721 1.08951
2.15308 36.2239
26.4061 41.1557
28.5974 33.4773
5.37736 40.5805
25.689 42.9258
14.423 32.6289
47.9583 13.0116
47.1023 44.9385
12.5141 17.3315
32.8517 13.5395
13.2389 43.3088
27.1966 43.4645
45.2315 0.109867
44.2564 42.4802
9.81017 34.872
14.3361 29.5541
45.4161 21.2683
24.4423 44.5708
4.68001 9.52178
24.514 10.889
23.0247 1.90436
7.18101 27.2927
49.0493 42.7702
43.8948 40.8902
32.0673 37.2219
35.1863 27.5491
37.0846 37.4477
7.91955 31.399
32.5144 10.7837
17.333 39.9869
20.9754 28.5989
36.6543 46.6369
8.46126 40.0235
42.1506 26.5725
32.2092 19.6097
26.3878 28.3914
42.5535 2.99539
47.5326 7.40684
9.11893 49.5895
47.4914 2.46895
46.6323 46.3958
46.7238 32.7967
30.6665 42.0011
48.5137 16.3854
48.6602 24.8054
10.5411 36.5749
6.48213 34.55
16.5365 8.30714
35.8882 21.2104
5.8565 20.6702
23.159 40.3134
43.7773 7.2573
4.25733 48.7503
40.318 20.9342
46.7879 40.1242
0.428785 14.5528
14.0797 33.7306
13.3244 4.19782
31.7423 6.19984
13.7837 16.5014
1.93487 29.8822
23.2582 46.6094
35.7295 7.03299
3.55846 28.3502
48.8449 13.8661
30.9595 43.1852
41.0688 43.5209
23.5191 19.4739
4.68459 12.0289
29.4504 48.6465
32.2291 16.3381
9.3173 19.8279
18.8498 8.42006
19.9149 49.4827
29.6335 24.5888
32.5999 7.64031
27.1661 34.0358
43.9238 17.2704
29.6777 45.674
11.3544 28.3578
45.0529 37.3394
21.9092 43.2493
1.03305 46.4293
26.5175 44.8363
16.9408 36.0134
47.9003 4.13068
37.1868 25.5104
44.821 18.7948
21.9398 49.968
40.4813 9.18607
15.2165 37.022
47.8942 23.5038
35.7402 15.5965
0.0381481 28.5531
10.8463 45.4024
17.6199 37.7361
48.7899 31.2906
22.2282 2.80618
19.7226 11.5528
27.7322 20.954
40.698 34.1899
17.6977 33.787
34.9635 10.2313
41.6654 19.7653
10.9088 8.18964
38.0718 6.66372
30.9412 28.6691
16.6616 5.60778
15.6102 23.2124
8.17133 43.2615
3.32041 46.466
14.1179 43.7071
10.8966 5.69323
14.4948 36.6192
15.3569 46.7193
16.1901 43.2524
2.18513 40.3577
49.9451 16.8249
0.422681 8.40327
48.6465 38.8668
49.884 3.21818
14.8 48.0804
20.8075 30.0104
9.95819 3.28227
31.2922 25.837
23.9463 7.0101
32.7494 34.4249
6.66982 41.2992
8.7817 40.8322
20.3528 42.2559
7.72576 5.05844
44.9828 14.9632
4.2024 8.63216
44.7966 15.2699
9.99634 3.24107
28.6157 0.0350963
29.5465 25.4936
11.8381 22.4082
30.3903 16.8386
12.9063 23.6686
23.8594 12.743
42.0545 48.236
26.339 40.1502
15.1616 33.3583
46.4125 37.3058
0.506607 0.0991852
18.1784 35.0276
31.2571 47.1374
26.1071 13.4404
41.4747 23.9586
41.673 23.2734
8.49025 35.0246
17.1483 35.7692
9.42412 1.44047
6.81631 10.2618
24.6849 31.7194
10.9531 43.5148
46.2493 28.1747
12.8651 39.8251
23.5389 30.5399
4.31379 16.0237
4.72579 23.3467
19.628 30.3858
6.22578 8.63063
23.8166 49.5224
18.2623 20.539
25.0053 42.3414
29.2505 33.3949
6.49892 15.1112
26.8593 39.7809
48.7823 26.6976
8.5406 0.19837
36.7748 48.0422
9.34172 40.8856
22.6585 4.94552
29.8151 1.31535
39.5825 18.2119
21.8406 8.00653
36.549 30.2057
15.1692 26.1177
29.8151 31.9254
42.5077 15.4714
41.1115 29.5953
45.9365 42.523
17.9739 14.9022
22.5013 24.8405
6.54164 27.8756
41.7814 9.6881
22.0878 26.5358
43.2157 13.2328
37.6186 2.32398
46.0616 21.9672
35.873 5.40178
29.7433 32.899
44.9797 18.8772
17.423 34.0831
3.14798 46.0158
20.6168 2.03101
22.6661 49.5041
27.6513 17.5939
48.5092 6.83004
43.7788 26.8487
31.9178 20.8411
15.7735 48.5794
14.2186 49.5178
48.8052 4.90127
41.2046 44.0809
48.413 26.5862
3.39824 9.447
45.3902 9.65606
22.5181 26.0994
36.3887 24.8238
29.4259 47.4685
48.0636 6.30512
3.91095 11.8412
7.56249 21.6117
21.5995 32.9051
27.1752 48.8433
28.2876 7.94702
35.9523 13.0726
37.0586 7.81426
16.1153 8.38038
18.4378 37.6492
27.0684 7.08029
28.9453 32.5037
24.7978 32.7265
48.3306 26.8853
9.52788 48.4512
20.8151 12.273
9.37834 37.1929
20.6519 21.7002
32.9005 25.3883
37.3089 5.43687
48.2406 26.6762
0.596637 36.8679
21.8101 7.18711
41.0581 12.5767
24.2119 48.9776
5.90228 35.7753
36.2865 13.1703
25.8507 47.0473
13.0497 29.3649
3.13883 41.5586
38.3694 12.8834
16.0512 36.7321
28.1625 36.4025
10.2527 29.4824
14.9541 7.54875
22.2617 7.06046
21.5873 29.0139
5.35142 0.5768
6.90481 42.7503
3.22886 45.2605
41.2214 34.8094
41.7463 36.5184
44.3907 2.38502
34.0205 45.8617
44.2869 9.64538
19.2328 35.7555
38.4991 33.8618
30.4285 37.4569
17.069 28.4616
11.6413 30.9046
29.0811 4.53047
29.6411 40.7163
0.889615 7.33207
0.621052 37.3745
38.8577 39.404
27.1508 7.63421
24.3324 6.80258
15.6774 33.2499
33.7657 40.0739
19.9225 42.0453
41.7142 16.4495
30.4605 20.426
39.5688 34.9284
5.80462 1.37486
27.8237 20.7038
15.3096 16.9927
14.6931 10.5869
39.1995 29.6579
28.8858 45.9227
46.0387 30.8618
29.3481 24.5994
42.964 21.7826
19.7989 38.7066
18.9703 14.655
0.860622 49.3881
26.5877 19.01
17.6016 25.4738
22.2373 1.83416
35.2916 47.4456
10.6021 35.7265
1.20548 3.27921
13.3106 24.0883
25.2724 27.7779
7.24204 17.452
37.373 11.8824
2.79244 9.95972
4.12152 33.6055
7.36412 30.0989
12.9353 37.0708
44.4578 14.7298
6.18458 11.298
23.6061 30.4788
23.278 45.2269
31.5363 31.5546
33.4437 10.5838
39.8022 18.0593
17.066 49.1516
49.2584 33.845
28.3609 15.9795
16.6494 17.9785
47.2137 5.13169
33.6436 48.8983
2.98624 9.49736
3.62255 45.291
28.1198 41.2671
36.5368 12.7827
24.3126 14.5878
7.1337 0.485244
49.1394 17.0278
46.8947 6.47298
5.86261 21.3294
14.9495 46.2416
44.3098 14.0904
18.3325 23.2261
5.55895 42.8816
26.8532 15.4286
18.3309 8.39412
2.90841 17.2201
29.8135 3.17087
41.5632 0.37843
28.7912 23.4718
41.1664 33.4376
43.8765 5.8504
49.8886 23.3818
24.6376 15.0105
8.41243 18.7887
38.4533 34.4813
34.1533 38.4457
40.9101 36.6848
17.2735 14.51
2.53761 33.9808
23.8533 14.3086
49.7162 37.2112
26.4718 29.7845
2.52998 23.3268
7.57164 48.6969
17.452 38.6807
5.86871 46.6262
17.5756 39.4925
1.1475 13.8249
18.2913 46.1241
7.75323 6.0152
31.1731 12.6453
22.0817 33.1614
3.89874 38.3328
44.3861 25.2892
29.0246 22.5944
20.2094 39.4345
29.4122 39.9335
21.7734 46.7559
3.13425 36.4818
14.6046 13.8874
35.6685 24.6956
29.7296 17.5939
12.1708 27.7337
36.7565 6.78884
37.6843 0.120548
38.1436 0.978118
48.0529 26.2474
29.9722 39.1919
19.3731 23.2459
49.5331 18.4637
8.80764 49.8459
5.04471 35.9355
34.5347 47.7248
7.82189 23.6167
27.6849 16.9637
2.17444 39.9091
14.0675 2.13782
13.3946 6.90329
8.48415 40.6049
9.1174 7.55943
29.4565 49.5773
44.3693 31.8125
17.1758 3.52031
35.6166 35.6487
12.4928 28.4494
34.1441 2.24921
29.7464 14.6718
44.0504 19.2511
31.2571 24.5628
5.18662 11.1621
36.2972 46.9161
36.3582 41.0337
22.338 24.4362
9.07468 20.423
1.39927 5.94958
47.2015 41.7371
29.3146 49.8733
22.779 21.9687
30.6986 30.5139
43.3729 21.9581
47.4792 23.7785
1.20853 30.1767
43.7544 23.8258
29.4671 25.1396
24.8177 17.2399
35.9981 5.49486
3.15561 16.2893
9.79339 1.83874
19.2343 27.8329
20.5405 9.34019
49.8688 9.42717
6.53249 5.22782
12.0258 39.2041
21.2882 40.2112
44.8302 1.08341
34.1624 17.8594
27.6131 11.8824
5.28275 1.08036
16.8096 41.8699
30.1126 9.66674
9.51262 5.35447
23.9479 48.0377
16.5059 22.8507
41.6837 27.2256
2.56813 31.3837
3.1251 20.1483
26.8975 44.5051
19.2083 14.2598
41.4228 38.5815
39.3704 0.608844
29.8486 16.9057
15.4683 13.4053
45.2437 28.222
2.47963 9.12046
28.956 41.1771
41.3572 49.2111
18.7078 1.32145
44.2961 25.5181
28.6538 22.1793
27.7917 42.3963
9.22117 36.9564
13.7303 44.6593
19.5608 12.4653
43.881 5.36515
20.3955 1.82195
28.0633 12.5553
20.0919 37.4645
21.3355 18.9581
31.7774 41.0718
0.479141 43.7574
24.2958 1.93793
35.136 40.4645
24.8253 0.3708
23.8594 19.9789
5.96637 27.6666
40.4447 42.8755
15.1296 29.2306
10.8097 19.9911
28.9941 22.4021
15.7674 35.3938
40.9024 15.5629
39.967 30.7474
13.9607 30.0562
12.3707 15.1952
7.68761 1.51677
8.52229 39.7702
10.9958 12.1525
9.94903 0.431837
39.3506 30.5399
41.0199 8.77865
28.8812 10.5152
28.5318 44.4914
35.2992 25.6981
4.39009 28.5821
20.3955 41.2229
46.6491 31.5043
33.9595 49.2492
29.2444 5.1973
23.9189 19.7913
25.7485 3.10373
32.5068 43.4599
37.4111 27.2485
11.2857 17.6336
40.8597 16.4296
12.8346 2.68105
25.721 14.5848
41.8897 49.7436
17.5054 33.3918
23.7922 26.6655
6.05335 48.175
23.0232 43.646
24.8665 41.1725
19.6493 5.13474
1.62053 31.2311
26.4916 39.5932
25.1976 3.98572
4.82955 33.6085
49.5117 31.5958
11.4582 22.0069
29.487 46.0891
34.8903 10.4587
9.46837 5.37889
3.54778 32.1757
9.37834 16.0344
23.7373 15.2501
28.9468 1.82958
30.2011 12.2028
15.3249 32.1818
7.11234 18.2974
14.3834 49.4842
12.2669 30.1935
1.01321 9.45463
12.3173 21.4866
8.74966 23.5282
11.8641 36.7092
4.01929 17.3482
34.1899 30.3507
25.3334 44.4533
36.4788 2.45674
32.7281 19.187
17.3223 7.38243
37.7804 7.92108
49.3149 37.2387
9.49278 42.6313
44.557 6.61489
26.3833 45.9059
35.8974 40.1425
20.0568 31.4386
31.6919 39.433
30.6207 19.0725
26.9219 30.9931
19.2053 28.4661
28.4707 21.6437
7.94549 40.4157
27.3614 13.039
42.6939 39.935
25.8034 1.80517
48.8266 30.1294
1.81127 16.9088
25.4006 30.932
19.2495 20.7862
48.0316 1.75939
16.0939 25.7988
25.7454 2.17292
28.7332 2.59407
32.1741 29.5709
35.1115 31.9193
6.35548 48.0071
24.5323 26.4443
43.4996 47.1816
26.9433 24.189
20.9769 45.6709
9.49278 30.0729
29.9173 27.4529
23.2017 7.18406
7.63726 25.8065
7.51976 44.319
41.3037 43.6216
35.6349 1.33518
38.0642 24.2119
8.29035 8.93429
32.0276 11.6718
28.9712 24.3645
23.3451 14.8488
18.2363 19.6631
19.7485 13.9836
0.0274667 3.98267
25.8431 24.1035
17.7709 6.55232
0.451674 4.20087
13.0589 21.8467
27.3614 26.2902
24.7642 43.5331
19.7363 43.3775
41.3587 38.7387
3.55693 20.4184
14.2705 39.227
0.358592 17.3452
15.1082 1.01627
4.60677 38.1863
44.5082 9.0289
26.0155 35.3664
25.4875 28.3166
42.1171 33.2514
39.0744 28.4265
31.3898 9.99329
35.0169 32.49
32.2871 1.73193
25.4357 17.5604
48.4329 18.2241
44.1633 17.8014
45.3337 33.9686
29.6472 7.05435
8.90835 43.8688
14.1865 12.3753
11.1408 47.5234
27.3324 35.0826
3.18003 1.18259
46.2554 30.8893
31.1869 1.4481
0.904874 25.6859
45.2528 39.7671
16.7745 18.5202
46.6964 41.7936
3.05032 48.352
44.0535 30.6787
19.013 26.1376
13.0619 28.3502
26.4519 8.81985
30.9793 33.8282
10.9378 16.7562
30.5094 42.6756
29.7601 21.1737
43.6872 46.6063
19.3213 3.21818
31.0068 27.3415
19.8309 11.1362
16.1229 33.7672
0.0915555 17.156
21.4286 6.44398
40.1944 0.6592
24.8222 38.5647
4.93637 9.16776
32.9768 37.3653
15.7811 23.7358
41.438 25.1305
4.15204 30.282
26.8349 43.7727
3.90332 23.4672
41.5418 2.11188
15.7476 44.6348
6.08997 29.8853
1.4771 30.3949
19.6509 27.5506
40.7926 23.4306
33.8923 25.9743
8.50551 22.0588
10.5274 45.0163
5.01877 20.1285
7.87225 15.128
47.795 13.8218
16.7119 0.9888
6.68355 26.8914
40.8032 41.258
40.936 30.9427
42.3124 43.498
20.6503 12.2761
47.5143 48.3505
40.5377 11.8931
33.0454 1.99133
8.75729 40.1883
38.0535 0.978118
18.6926 42.9319
22.5227 48.4863
36.4147 20.0659
17.1087 36.0653
11.71 23.9158
34.7942 39.935
45.4497 38.3358
39.6634 45.8846
21.0929 15.3859
43.1318 41.8683
33.2148 21.099
22.9148 42.3185
20.7587 16.8722
35.0765 33.2743
37.9406 28.0847
14.4398 2.36824
20.5222 26.4718
33.7153 42.7366
30.3339 27.8405
16.6036 44.9156
35.8165 31.6691
25.2327 15.804
11.4246 4.17646
17.2262 38.7204
13.6769 31.402
42.6939 13.6402
16.6814 43.8673
26.4992 41.6868
14.9602 39.3887
6.07776 42.8953
26.3482 5.58947
20.1468 21.3675
2.82449 18.6911
18.5842 16.8386
32.0521 20.1224
38.8409 6.72781
37.4584 47.5402
19.1488 47.7523
9.65606 21.7902
43.8658 21.1417
27.0486 16.4037
41.2534 20.5466
48.3627 11.1591
29.0277 46.6613
35.0169 6.30818
27.9519 47.6623
36.0546 48.9853
38.8272 19.512
43.495 48.4085
3.16324 5.18357
0.909452 31.399
42.8663 6.86819
23.0415 14.803
49.2187 0.241096
9.24711 46.3652
16.5151 14.8442
8.62911 40.6186
40.6308 19.631
19.6234 11.3681
27.8268 27.7612
31.8705 27.3125
34.1517 9.69573
43.1944 42.3643
30.6986 28.6493
9.48515 27.2561
15.0578 37.4706
10.3076 3.96588
14.2872 1.01169
38.0398 9.54619
49.6811 33.0546
43.3622 40.9024
8.67641 11.8305
44.911 7.0864
44.2061 13.2466
35.8989 40.698
46.7879 25.8202
45.5229 44.8958
9.70336 36.433
37.965 27.6345
32.5404 0.93997
6.81631 49.6826
33.4269 38.7112
47.7096 37.936
15.2745 15.1494
16.9851 40.669
6.34175 1.2772
9.2288 26.2123
20.4108 24.4194
11.4383 1.65868
6.92312 49.0677
16.6814 3.16172
36.3613 1.9837
5.03708 34.3593
41.1908 30.6192
24.6284 4.51521
7.69524 8.85647
30.5704 42.9426
38.995 29.2291
14.6382 41.2275
34.5622 45.5809
33.4758 49.881
6.56453 5.31632
18.1417 30.9214
28.3395 35.2382
22.8248 43.0021
35.2901 20.0674
45.5306 10.5899
23.5603 37.7117
28.5424 3.82244
16.7577 40.3134
21.5049 30.5399
46.0707 45.1872
14.8854 17.1102
14.0522 24.662
26.6854 29.5785
37.4432 8.91903
0.169378 11.7038
39.2819 40.8841
45.4543 41.4701
35.6502 47.2289
32.7464 32.5907
37.3745 14.5451
20.0629 32.6258
11.9617 34.7682
23.2292 44.2183
26.1177 8.88546
10.9806 21.0486
14.1285 23.0277
32.9707 15.067
42.4467 35.96
13.4999 26.5343
15.7765 42.0911
18.7872 33.4788
44.9782 49.0097
30.5826 2.10425
22.0893 33.6467
33.9381 4.71511
22.8065 16.1046
1.96234 46.7193
31.7072 15.2394
35.3496 29.284
10.5411 25.0237
39.5062 49.2035
4.90127 25.7881
47.0946 12.5095
9.59044 19.3854
18.7964 13.4556
37.9849 2.33467
30.1141 5.35142
15.7109 16.0329
27.0043 14.8915
43.9711 38.0566
8.1988 26.4779
2.78176 3.66375
16.9744 38.1375
39.4971 21.5201
0.216681 15.5797
12.862 22.721
17.5863 45.9685
37.9833 7.19321
8.58333 17.9464
2.46132 26.513
0.349437 29.516
49.0478 17.2048
13.9927 0.285348
45.0957 23.6061
2.26295 39.7061
34.1655 24.3416
26.3924 47.7935
40.0586 1.45573
4.90585 49.9588
18.5949 16.3182
42.2117 42.4711
27.4789 31.2876
19.7989 0.126652
9.52635 41.2809
7.83563 22.6981
9.59655 4.22987
30.0012 21.6971
20.51 34.5607
39.3368 24.0547
28.3074 48.6969
37.962 44.2351
2.11035 26.69
48.442 1.38859
48.9517 29.0231
19.6249 33.076
28.8278 32.6518
24.7703 32.1375
0.347911 25.3456
34.7758 8.27357
42.2498 22.393
24.3049 0.895718
21.0944 44.7356
43.6476 44.8012
0.483718 22.5806
14.1118 15.2425
12.0899 13.5807
29.7678 3.97809
33.8069 49.6094
23.3345 2.80313
45.3444 1.22074
29.0643 46.1913
6.58284 23.8548
0.398267 39.5734
28.9956 24.8283
15.2165 24.8177
35.432 15.1952
26.5069 9.48973
28.6172 35.5419
41.2534 11.4322
13.6357 19.7531
35.3572 45.2528
44.7478 35.8486
37.4096 2.24921
41.8119 17.9128
39.1186 0.387585
46.6796 28.2174
15.2196 5.81988
14.8152 13.5731
10.6586 2.58187
12.5019 44.9828
27.8817 11.9739
14.9159 4.66018
22.0252 38.2351
25.3914 9.47447
36.8465 42.0179
11.2018 34.8811
39.1659 18.2913
26.1422 28.4036
34.6767 30.1767
15.2501 26.7327
22.9057 25.3105
21.9642 15.4942
24.1462 36.2941
43.0387 45.764
36.1797 41.7829
1.51677 46.3683
3.5905 39.7778
33.1065 46.0723
7.50145 9.70183
6.20441 44.6699
8.51161 14.7893
20.9754 47.0763
0.695822 21.3858
7.7044 49.4613
9.42564 36.6939
19.808 41.5113
40.8734 41.5448
41.7676 13.8462
15.9658 19.7516
7.32597 34.695
46.6521 10.6037
48.2513 34.8552
37.2341 36.0714
18.9688 15.0288
18.6422 29.2749
17.4062 14.5772
48.4054 15.7964
47.3144 5.76342
34.1716 24.3706
42.4253 2.5483
13.5731 28.5531
47.7355 48.001
48.2543 45.8815
28.2205 19.3762
14.8579 46.1486
0.318918 14.9495
0.824 45.2925
6.47145 11.6276
37.756 36.5123
28.0358 7.44194
30.2148 35.1512
6.90939 37.962
12.7354 38.8974
21.1386 30.6864
42.8739 29.8975
34.8567 36.5078
13.097 20.3162
17.8396 2.26753
39.349 17.922
5.01724 23.5054
9.0701 13.2466
41.2229 41.4258
46.5178 14.8961
31.518 23.1849
28.1671 34.5698
42.3994 39.5367
6.04877 48.3367
24.189 28.8934
21.7795 35.7646
49.9344 11.89
19.1488 23.4245
41.1145 45.4894
38.0398 34.3623
25.4982 30.6955
47.5219 20.0827
47.4151 12.9627
0.907926 26.6289
25.7958 39.3277
20.603 21.2897
30.2835 11.3315
45.5412 31.5241
20.7114 47.8439
49.0402 22.6539
20.2826 46.7635
9.87732 15.8834
17.7419 9.74303
44.4075 23.2276
18.8772 18.9596
32.5037 0.874355
42.6466 29.9722
45.1949 47.5906
32.2306 19.7943
6.74154 49.6857
26.3665 4.17493
49.0265 49.1516
11.2293 13.1932
41.0123 36.4727
48.1933 39.2163
1.13987 44.7356
47.7905 46.2691
25.4295 46.5529
35.1726 4.92111
39.1186 30.3934
27.3873 41.6959
4.6556 7.85699
17.7801 17.1026
43.8536 28.4814
37.846 21.3538
7.00247 3.61797
41.8256 1.80364
46.7864 15.9703
34.3776 11.2033
29.7784 16.3182
36.6207 40.8109
43.3714 34.0251
10.8737 27.4239
30.8985 2.87942
39.3979 48.413
12.8162 28.8202
27.4453 43.7895
26.7266 1.12156
25.9621 29.4061
44.0504 23.6106
44.2061 40.3104
46.1867 17.4459
47.6226 18.3554
17.9464 22.0557
11.3117 33.108
41.1023 45.7823
24.3385 0.102237
45.8129 42.7854
15.2608 35.5525
2.80923 17.7892
44.1465 11.5162
14.0996 35.2199
31.4188 0.642415
35.0063 34.2952
18.8177 24.5094
35.3954 26.6442
32.815 44.6455
32.8486 27.9946
45.7747 10.2908
5.63829 0.523392
5.17899 1.96387
18.302 7.39616
26.252 34.8781
17.6046 6.08386
18.2363 11.2903
31.753 32.0139
39.7183 35.8486
30.6238 49.115
3.23344 32.9722
29.8502 18.8131
24.5293 30.3552
46.5636 14.0538
36.7443 47.6501
39.61 29.9081
14.8534 4.37635
42.0515 17.3055
30.6909 36.1461
18.7658 41.5067
33.8267 33.2331
6.95517 41.8058
28.6523 40.5896
22.3777 44.1023
42.9685 33.3354
39.111 2.84127
8.38343 6.80258
25.6722 23.9265
47.85 45.1979
45.291 45.1353
40.6232 7.93176
3.15104 25.6371
10.0024 47.6989
48.4359 21.1432
4.11695 49.3377
13.9424 46.2661
15.0914 3.57982
1.13376 0.643941
6.91855 4.71053
43.3988 10.4129
47.3174 36.2148
5.34532 11.5513
13.9195 33.4773
0.953703 26.6991
20.0858 37.6049
38.377 11.9861
30.6467 29.4122
24.2195 25.4494
12.9231 7.64794
35.107 43.5911
43.2936 0.532548
39.3399 27.6452
14.6428 24.6422
26.4687 16.1107
15.0136 30.2301
27.5918 45.1216
22.7485 47.0382
34.1731 23.2047
38.4594 19.6478
48.236 12.006
49.1134 46.4553
21.6834 39.523
44.5723 11.3178
17.6199 47.4227
31.8796 21.9367
1.442 49.0188
17.6153 44.0443
44.5326 49.4278
3.63018 45.4543
48.3551 4.52437
16.4724 39.0332
21.7933 20.2094
15.8086 38.67
19.5029 18.5751
2.17902 17.2796
24.1218 22.5364
19.367 30.9412
30.1355 35.4717
21.7154 48.1948
12.2242 17.449
1.69378 48.5809
35.8837 34.6034
48.0438 29.4916
43.1532 33.2057
29.7769 35.3648
21.2455 15.0182
26.397 48.3215
36.906 15.4744
49.6048 4.2848
44.3068 11.2476
26.8212 23.6503
49.2782 8.78933
41.8485 20.5664
37.7194 40.3729
2.9603 29.8959
0.961333 19.2312
33.7626 15.9154
15.9307 30.34
7.09861 1.80822
12.9017 8.38496
17.3559 34.0342
38.6593 29.5389
11.4475 20.6046
47.8942 18.5278
23.806 7.37327
30.6146 47.6257
35.6868 31.3501
8.43379 29.078
4.11389 15.1479
7.48314 27.5781
30.7505 41.5937
40.8292 44.2869
16.0314 22.5837
8.15149 49.0326
18.8665 1.2421
45.5397 12.1891
17.2155 1.43437
33.1782 12.8452
39.8526 13.7104
43.7803 24.7932
14.6458 31.7377
39.5276 6.91397
3.64391 28.283
0.381481 49.5285
20.2918 34.8155
41.5433 3.25022
49.0921 13.7654
2.88247 41.9431
13.0177 37.5454
18.1707 36.3002
8.9938 13.3534
46.8856 39.6466
6.7568 17.8533
26.4443 12.5065
31.3974 30.7733
27.6559 37.5011
24.9214 31.4875
21.2012 1.14139
7.11844 47.6653
37.9742 44.0794
31.0648 20.011
31.0678 6.37074
3.55083 22.2068
22.2419 19.3411
15.7964 0.0671407
40.6796 20.571
4.69069 19.0115
36.8282 43.6018
39.9487 33.8893
29.1635 8.9053
7.43126 20.2445
16.6692 17.7023
33.99 31.0541
14.8579 25.1442
24.105 18.0197
48.1292 44.4777
3.68206 31.489
6.29749 8.72524
41.2641 38.0245
48.0911 41.4365
42.0072 19.7348
9.43022 13.0894
34.7285 44.4014
49.3149 34.7118
47.322 20.4505
41.1039 15.2409
40.8704 25.8858
42.0377 34.257
47.7706 25.1717
48.7823 6.56758
34.1533 13.1916
21.8238 40.2905
31.9559 0.314341
36.5307 14.9174
10.921 27.6345
43.672 30.9915
35.8531 26.4428
47.2381 7.9104
29.4412 11.0172
32.3542 31.4447
35.9645 18.7628
1.09409 27.5185
6.18458 36.7733
49.0341 13.834
48.7457 28.8949
40.318 5.87634
18.3782 2.33161
14.1011 28.8919
36.259 27.871
30.1294 12.3615
12.7796 2.76803
36.2926 18.5873
18.096 20.397
15.9795 31.9025
20.7251 35.6731
48.0209 10.0848
39.5352 40.3607
37.0312 24.5613
29.4168 37.2921
46.9955 40.9223
45.9624 27.5857
45.8754 16.3457
9.46074 49.9084
44.0657 15.4683
13.5258 35.847
34.5164 21.2836
48.6587 20.4703
17.3208 42.616
36.0637 22.1183
16.596 44.7432
42.0423 30.4865
22.4479 4.72427
18.2501 17.0904
15.8666 17.9998
38.1649 7.14133
9.32493 7.81579
25.0282 26.9204
10.9241 14.0584
41.6425 15.6926
44.882 13.0222
37.26 16.2465
36.1812 44.7264
21.9398 33.0973
42.1934 49.2798
13.6448 22.4403
39.0881 38.9279
28.4112 2.89315
45.8358 7.27103
8.89004 1.11393
43.6216 2.27973
11.5894 21.337
23.487 14.6275
48.114 2.88858
20.0018 7.91345
0.721763 4.78225
13.7806 42.3673
7.51518 31.3898
10.6708 18.5369
37.5652 38.316
30.401 42.5947
1.29093 32.5053
12.5217 39.7595
16.419 5.63829
22.4433 17.4444
24.7948 14.9068
15.3752 4.66323
30.4178 0.199896
41.0062 19.277
3.95062 1.79144
46.701 39.6268
24.0684 17.5756
12.0518 32.1268
0.920133 13.9027
22.5974 11.3834
2.04321 29.1086
15.5019 34.3883
26.0201 33.7748
5.02487 5.356
44.2122 36.784
20.5924 42.7747
5.87176 1.25126
15.2699 35.2184
26.9372 9.36918
27.4697 37.5027
7.83563 40.2448
3.67901 33.7169
0.61037 49.7909
15.0502 18.7384
20.661 16.7287
25.6371 24.7429
23.4428 43.7681
45.117 44.3052
41.4029 28.0145
23.7877 26.6503
1.49846 39.7
22.6691 48.6084
18.5873 23.2475
16.512 36.8297
34.9986 9.79339
12.5294 42.848
1.62664 5.16831
42.6633 47.5249
20.838 42.4528
12.1937 46.4568
46.4858 13.1214
12.5248 42.9029
11.3926 15.8986
30.9259 49.7955
27.5811 37.3104
15.0609 27.3812
29.5541 3.06864
25.1228 8.09809
5.97095 14.3056
31.3715 35.1909
40.0128 7.73644
39.9014 16.6738
3.74462 3.80718
4.42976 21.1951
26.8029 31.9025
6.95822 17.3391
34.7011 46.6506
15.0609 32.9676
27.0898 24.4209
48.677 36.1263
41.258 4.05438
14.1606 14.1072
21.2088 10.889
38.461 2.21717
37.6156 28.1487
11.1744 38.8119
28.956 4.77157
17.3559 48.1552
9.17081 13.712
18.8314 27.691
12.122 49.7955
16.8874 41.2656
18.186 31.1914
4.10627 44.85
33.2896 43.5667
38.1726 46.3759
15.6957 40.9589
45.465 26.194
20.8625 42.4696
37.2585 19.747
9.67437 38.8119
46.3195 39.0118
40.3653 47.7874
16.7348 34.2723
39.4513 32.7433
4.77157 22.7882
21.9733 23.0934
23.5862 35.9218
6.37379 0.938444
39.5871 11.2766
44.3098 42.877
3.28379 31.4371
10.7196 31.0389
22.4113 35.8226
24.4728 22.4311
10.1474 7.28019
44.8668 40.6446
16.2572 9.92615
14.3406 28.9819
23.9387 29.8273
42.6954 29.0796
20.2261 45.0728
3.09763 24.0761
22.7195 26.8075
35.2641 10.3946
20.4886 47.7905
26.0323 37.2082
11.9465 0.0106815
12.7232 27.6284
47.5051 47.9858
29.5633 20.7068
9.83001 19.2236
42.4711 48.3062
39.5077 8.4994
42.5474 35.8684
38.9325 47.4273
43.5698 41.2107
12.2257 15.9398
3.79955 20.3345
24.015 47.2396
17.4184 34.3806
34.8598 2.73904
45.9014 36.7306
46.1516 18.6178
34.6553 4.37178
12.3096 0.48677
35.2168 2.54677
3.06253 17.7984
28.3288 46.7696
23.6518 24.4911
18.2058 1.2711
25.7378 7.49382
43.3119 27.9336
16.8676 39.6054
23.9433 24.7703
1.26652 38.3389
41.9584 18.0197
9.8117 7.29087
22.9225 46.9237
1.95624 11.5802
16.0298 5.22935
47.4532 13.9454
42.082 28.5073
20.6717 23.0338
4.84634 41.3221
15.3325 30.4712
36.1064 3.32652
12.447 38.2656
19.7134 18.366
9.30815 3.09
14.9571 45.5992
42.3292 49.0463
24.572 26.7586
11.5223 25.4204
27.665 18.5797
39.4818 11.0446
22.924 44.47
22.6234 41.7936
2.36671 4.46028
7.5396 12.775
0.991852 7.55943
0.25483 31.8232
42.6008 15.4866
41.2091 25.7866
27.134 11.9327
3.77209 26.2337
29.8318 36.3475
49.1165 36.111
7.5045 46.35
45.2254 3.91705
32.2611 47.8088
32.9096 6.9628
47.9766 6.67287
46.5774 20.2689
19.8447 31.5912
22.6157 22.6798
22.2938 41.3953
3.18766 16.7425
35.5968 6.51112
18.2379 13.9164
46.4949 28.3746
3.54167 11.681
23.1208 45.8586
37.608 14.0965
9.57213 32.8593
5.22019 22.3853
10.4038 26.0247
20.4825 47.1007
10.39 46.7391
17.1239 18.4301
49.8505 6.39515
38.9096 46.2157
0.842311 9.04874
37.962 6.23646
14.5741 40.4782
13.8096 4.32905
35.2779 7.73797
0.962859 44.8988
0.93997 18.2821
37.846 5.37736
26.1452 12.6682
24.8695 43.2386
37.3501 39.9609
4.51064 37.0357
5.92822 39.8709
21.1463 38.1451
49.2782 20.6824
43.4935 34.666
45.2986 47.0611
7.46788 4.12763
30.5673 26.7708
12.2623 6.51112
27.5277 10.3931
27.4453 44.1557
20.9677 43.0876
43.9344 40.1456
29.1589 32.4686
26.5984 11.7023
39.9167 21.6605
1.36265 40.1624
6.91702 31.5897
34.5805 14.0904
26.5893 11.5726
37.5027 47.1236
40.8719 12.2745
3.66375 47.0504
36.1797 20.0903
11.9953 37.756
33.8527 17.011
3.45927 10.5396
42.4436 5.04776
14.0385 6.39515
17.1133 9.26237
21.8909 5.81683
46.4873 48.4802
41.4716 27.6788
12.2471 37.73
22.4311 13.7623
41.8058 11.5009
36.1354 0.4944
49.3484 31.8552
7.56706 4.44655
35.5709 20.4505
25.4753 23.1758
41.4258 28.5836
38.5388 27.9504
26.1711 34.257
20.3894 49.9451
15.07 30.369
11.2995 36.436
37.0052 43.086
19.3289 28.6065
47.3693 44.4349
38.7631 37.4676
6.51112 48.2162
18.6514 19.5013
9.06552 3.27006
39.2605 28.5791
34.4661 23.1727
29.2261 45.6938
13.9744 16.4098
31.2784 13.1001
34.518 6.11438
49.2782 24.4163
24.6513 3.41655
34.4356 47.2228
42.9777 23.4596
43.495 29.7708
14.2979 8.16065
26.7022 18.3187
33.8557 44.7737
28.3761 36.6741
34.9315 44.3113
7.8814 4.51369
40.1563 18.8986
13.8356 46.0417
41.8012 22.1046
19.3396 15.511
31.4097 41.3404
1.05747 41.2488
24.044 6.34938
19.9713 14.6535
47.47 2.89621
36.5871 25.8156
41.6089 5.67949
18.4393 22.248
38.5449 19.5471
22.6905 42.3551
18.4118 43.0738
11.6398 0.138859
11.4856 43.5743
33.9579 22.7683
41.7585 7.59453
29.4412 17.5222
32.3389 5.95721
40.1456 19.6936
17.9952 37.4187
35.6456 48.0209
35.1176 40.0021
35.2886 19.1916
34.4417 34.0754
35.2275 48.001
36.8511 36.2194
23.0445 34.7026
27.5384 7.96533
37.8048 16.1473
8.87173 28.4631
8.30103 32.2352
7.26646 5.11795
27.3675 34.2799
4.35804 11.3086
45.0194 36.813
37.8185 15.1921
38.2565 39.4223
42.1125 38.6944
40.3439 20.1666
24.4987 10.7395
37.3806 27.1294
46.6109 3.78735
14.9495 19.6875
6.90024 17.7145
12.7018 36.0485
44.29 0.138859
19.6448 38.6135
8.31172 17.2262
17.9662 13.7455
16.0817 14.0477
8.22169 27.4819
41.3862 28.5501
23.6656 13.7761
6.21052 48.204
16.5609 46.8184
20.0446 23.3833
24.2759 24.0013
37.2204 26.5633
47.9766 11.0874
27.6559 21.3553
1.72887 26.1605
31.2754 30.491
14.8259 13.8874
41.4396 16.7837
45.146 36.6939
37.6919 16.1382
36.3567 34.3898
13.1321 36.6832
26.7983 28.8079
16.7318 13.0726
42.8083 25.0389
5.90228 30.0241
34.3547 35.7982
29.6381 4.16272
35.7616 30.5017
37.5195 38.2336
9.34019 35.6212
34.9284 36.7183
4.74715 37.8552
29.754 46.9665
41.8744 16.7119
40.9253 14.8579
0.0900296 8.034
14.0568 19.097
21.6407 25.0572
14.5558 23.159
12.0167 38.5311
43.4675 8.9938
45.1186 42.5123
46.3881 31.5256
6.00146 7.3336
10.7715 8.01111
29.0521 46.3729
21.9108 31.3318
14.3696 48.1262
22.9286 21.2607
30.1889 0.196844
49.0875 2.79855
34.1533 6.73238
31.7225 25.6081
21.2424 25.8751
42.1308 13.6311
31.1853 28.8125
20.6854 8.93887
23.1315 6.94601
11.5528 48.8952
0.456252 28.8034
48.2559 40.6644
43.4477 23.1742
10.4495 22.1564
32.7204 40.1242
47.1954 23.4718
21.1844 16.3625
37.0418 17.8625
37.3348 46.6079
30.2515 26.3466
27.7169 37.4294
43.4568 14.9693
21.366 45.2086
2.07373 48.8189
24.0242 24.723
0.779748 41.8317
24.9519 39.9426
27.3751 16.4724
24.1676 13.5975
20.333 12.331
12.888 17.0797
5.34837 7.7105
15.0197 27.2317
31.2189 43.2646
22.4876 1.59612
0.328074 11.7512
32.2352 48.6938
14.1072 2.9664
17.6824 44.8637
28.7088 17.8991
42.4833 24.2683
41.2793 41.2061
49.3713 43.5957
2.09815 36.0393
31.9193 48.027
22.9087 0.303659
22.0237 40.0464
26.7479 48.4054
0.915555 27.6406
9.60723 7.53197
16.5319 3.45164
9.20438 42.581
15.0365 31.46
1.21158 48.732
19.3136 42.7305
18.2272 25.7653
12.2608 16.8264
11.8213 23.2017
7.66015 0.418104
2.95419 20.2719
16.4693 39.6558
41.0916 29.8379
41.3388 27.8802
17.3132 40.2921
7.15659 45.2376
1.76244 34.5058
10.445 41.7371
0.688192 49.9008
45.4192 40.3287
3.46385 18.6773
39.5077 11.5726
14.835 2.31178
6.17542 46.4538
42.7442 9.3173
47.8332 28.8827
37.0373 10.3961
16.6494 34.492
49.3545 40.0082
16.1107 7.25272
9.52788 48.4252
1.08798 40.4859
38.7997 43.3409
9.26847 13.8234
45.1567 35.0871
31.7454 12.7125
21.1219 24.5415
5.5681 31.9727
39.2941 47.7477
36.1034 40.0159
15.9398 16.3594
31.959 5.26597
37.9986 17.9449
10.3519 11.3575
23.7358 15.1997
5.67797 12.6514
12.4363 8.16523
39.1202 6.65609
3.39518 48.4985
32.107 24.9031
39.5428 19.8355
21.4377 18.8437
6.00299 23.3619
8.86715 42.3215
38.9294 32.5892
2.98013 7.19321
14.8717 6.45314
36.1751 13.6662
16.0573 24.7688
14.5329 31.8873
41.8363 35.1146
33.4422 36.3735
11.6474 25.193
16.7211 19.8386
29.7937 9.75829
12.125 37.9772
7.34428 46.1516
0.985748 11.7573
11.4887 17.4978
4.83566 38.818
37.6324 47.673
46.8154 40.4798
24.5598 37.0296
0.677511 45.9899
7.9928 33.0287
35.2107 40.5255
32.8181 24.7642
36.8648 28.5272
19.3304 25.4921
18.4271 38.9309
3.79345 32.2123
46.5545 23.8548
48.6267 26.3466
45.9395 27.3095
42.5245 4.61592
12.9688 25.483
35.8531 4.13984
46.6689 15.1784
31.5897 10.8356
29.7296 1.95318
27.1493 15.1952
17.4657 14.5299
27.4071 4.47096
17.4718 47.0351
24.2195 5.36668
17.8335 5.64135
12.7644 16.2603
46.6857 11.1621
40.0082 43.0555
20.9067 34.1609
5.61235 27.7001
16.8233 14.1423
10.6082 33.4513
20.6687 39.4101
24.1081 25.9316
41.6532 39.0927
13.4281 14.0553
45.4405 13.9714
7.88903 39.8785
40.8536 7.63268
41.6089 31.4325
27.6009 44.5006
45.6328 7.62047
37.8704 36.3414
34.6782 49.2172
29.5633 33.7901
8.82595 25.0404
14.0187 24.4407
15.4714 37.3745
26.0048 4.10169
41.8241 25.6874
18.8299 22.747
33.3003 42.7076
42.3414 31.7362
8.1164 41.9294
36.6588 33.8679
13.3564 40.6125
49.4476 12.8376
42.8892 47.3205
9.52635 43.6384
12.3829 18.0868
14.6474 10.4846
11.7954 30.2438
16.2374 33.8282
30.5841 37.994
8.93124 32.9997
26.0079 48.7899
7.7105 26.0781
29.7937 34.5622
20.4337 43.5163
13.4999 16.8889
48.6023 7.09861
7.88446 40.1456
24.1585 0.805689
46.5865 21.6987
15.1357 35.1176
29.4366 43.2325
7.9577 31.3517
25.7134 22.2282
49.2248 27.5719
12.6469 27.7032
4.76241 32.6548
19.4967 29.2322
18.807 30.0516
22.4998 43.3424
31.0526 7.82037
11.0157 16.332
34.4585 16.4998
20.1743 7.58232
31.579 31.3669
0.340281 12.4073
22.2358 20.6565
18.7094 38.5311
30.3568 46.3012
13.3351 25.2266
2.78481 48.7503
44.9263 19.2114
37.8765 42.4375
16.6875 46.3256
26.6884 23.4504
7.57469 43.083
14.5863 15.9703
39.201 37.1456
16.0665 9.05332
21.7704 40.7895
40.6201 10.2908
49.3332 46.4156
12.4332 17.9388
39.6405 38.1756
41.7692 38.0612
38.9843 8.78018
30.7932 48.2559
37.2433 45.5382
21.7124 34.5286
13.538 24.691
19.9927 2.86721
7.73492 28.1335
0.4944 42.1018
38.1558 21.5293
29.3298 39.5611
10.7837 7.94092
9.25016 26.1696
40.2997 45.9975
31.3929 2.46895
28.2266 46.672
41.1786 22.1717
18.5354 37.7468
1.17496 34.7896
25.9926 10.0131
8.77102 13.9164
7.57164 34.2631
1.41606 22.7134
22.2617 13.1535
7.2924 43.1562
49.5422 6.99484
24.2073 20.6275
11.8809 47.5295
34.5042 0.396741
21.5445 28.7454
38.8455 7.55791
47.029 38.8348
16.6356 46.9863
19.4388 22.2938
45.9304 24.8711
24.1234 36.285
40.6201 18.4118
47.8744 40.2875
37.7194 45.204
26.9967 33.1172
42.5642 8.89309
16.5853 26.368
14.7282 22.6783
26.2993 18.3493
2.4781 37.1883
42.9365 7.56096
8.58028 24.3339
35.1711 9.79492
45.2544 43.6659
10.6952 17.9022
11.1133 42.8251
21.1493 18.3096
47.8851 18.63
35.0887 3.32347
9.72472 40.3729
24.3431 43.3088
2.94809 11.8854
34.0754 7.78527
28.9789 23.9479
31.8308 49.5209
38.3328 23.5649
5.90075 40.6613
28.4539 1.7304
8.33766 24.9931
43.2081 26.191
12.8788 25.3655
6.84378 20.7953
33.1507 20.3574
0.256355 17.9998
21.4255 29.2444
12.3188 36.0607
43.2691 19.3274
24.1539 7.51518
48.3596 24.6971
9.1113 10.4831
32.8333 40.466
6.28529 29.3649
13.4312 31.5729
0.379955 46.5026
8.78018 20.1849
15.7308 41.3495
48.1185 40.791
7.30613 48.7365
2.7604 27.0104
6.48671 2.76498
10.6586 19.2312
4.44807 17.9281
39.3048 7.08335
30.9473 33.9793
7.35038 45.8647
11.3376 26.1437
10.2283 10.9256
9.62249 7.23441
20.0766 29.136
40.3409 23.2078
5.30717 1.43742
7.12607 18.7429
40.1059 5.59404
0.743126 24.4102
49.1882 43.1654
14.3925 41.9828
8.1225 19.7821
9.12351 29.4443
44.5433 22.8019
37.1593 12.2822
10.5243 35.3633
5.93585 22.602
21.4988 0.950652
40.6903 42.6405
31.9575 27.5033
28.3746 4.22681
43.2951 45.1292
0.752281 20.7877
14.0996 6.50807
39.4635 3.39824
18.189 44.0275
10.8478 37.5179
20.7129 22.7073
13.4175 21.8879
17.6366 3.01523
45.6832 46.2493
8.91903 2.57881
27.2439 9.34477
0.691244 20.9052
30.8954 3.84991
6.74764 16.1397
8.58638 19.7455
44.6776 47.9522
19.0374 42.7091
46.9207 25.5776
39.8328 49.0951
32.0978 25.1167
21.7963 24.0501
6.88955 15.1265
18.4652 4.35652
43.8063 4.5732
48.4741 22.5105
5.13474 2.21259
23.661 3.66527
8.4109 1.46336
0.709555 41.9553
3.68969 29.8257
39.1446 7.76391
7.9516 26.9097
23.4657 12.5477
16.9454 40.1563
32.2871 32.696
39.7992 2.26753
12.2379 19.0756
26.6747 29.4763
39.465 43.7559
34.8277 4.63576
26.5511 10.5136
3.33262 34.2784
7.65099 30.6787
31.8323 43.6186
9.66826 40.8521
33.5902 48.6496
42.2758 14.0965
8.18049 19.3213
14.5848 41.1557
4.12152 22.9118
11.3193 33.224
16.744 11.6245
36.2377 22.8965
41.6532 43.4996
5.67492 14.8015
29.046 0.677511
49.9939 12.5172
9.23795 44.0962
5.74053 23.3039
34.6828 18.6666
6.36769 17.2506
8.80764 48.0148
4.27107 42.3688
46.9909 32.815
32.0109 22.1961
39.9548 41.8271
35.4884 37.5042
14.9495 9.64385
36.9243 18.6315
14.9709 30.2591
10.4221 0.0305185
41.3663 10.4831
27.9443 13.5899
30.1401 22.3075
8.51772 22.2755
7.26188 18.2241
28.4646 20.6793
43.2783 48.6343
25.4875 4.01624
2.5605 45.3322
4.4145 32.1482
7.51213 10.1947
27.4117 40.1807
12.9917 23.0964
46.4873 22.2114
11.3376 8.1225
11.0874 39.787
13.2527 22.1503
8.6108 31.6172
24.8878 4.85855
20.6336 26.1422
16.4266 4.21766
2.68105 33.4712
2.48421 16.538
20.3406 18.2913
29.6472 5.12711
49.5361 30.3003
41.4289 36.6222
23.7724 43.704
16.0085 49.0661
36.1782 32.3771
47.026 40.7788
29.1208 32.223
12.7369 44.0916
29.2596 17.2933
3.89264 23.0155
10.8005 41.2641
5.59557 8.88546
44.8012 20.7755
3.48674 13.068
17.307 12.2562
9.55535 30.7688
24.1707 8.75271
27.8939 25.0267
25.3166 8.34071
5.70238 4.944
16.3121 30.6864
39.8709 37.2204
0.0320444 33.311
34.4127 5.0264
16.2221 4.12763
29.133 3.34941
11.7954 31.8125
44.7554 34.7789
9.66979 30.5551
14.8976 44.8744
8.93124 20.7877
0.160222 11.1332
24.1829 42.4238
4.66475 24.6376
46.849 2.16987
40.3378 28.4433
36.2682 31.5043
9.26542 1.75634
23.394 6.83157
49.4339 3.99335
34.8903 8.44142
14.1423 17.7496
20.4581 19.7729
30.4483 4.76089
41.1969 43.5835
6.89413 13.9225
1.81433 36.5734
35.9004 5.41398
34.4966 39.0393
11.063 30.0012
17.2384 1.08493
4.73952 27.5796
34.4844 32.0124
26.1757 34.0129
12.8422 24.3812
5.51622 10.3412
39.7214 29.368
24.0242 33.4162
47.6867 34.9422
35.783 12.009
22.3533 23.4443
1.21921 17.4932
16.6265 10.1123
27.7718 43.1181
29.0979 39.1354
37.9696 30.9732
29.4214 38.7875
10.3 30.6864
38.4655 12.2028
13.1169 28.9193
46.0738 15.363
26.9402 13.7288
24.2317 48.851
25.4402 12.859
18.4439 14.9297
10.4297 20.011
25.1732 16.5395
21.1768 48.1735
38.0947 49.7192
13.3351 24.0577
21.0379 16.068
27.8253 12.7201
40.3882 6.79342
44.969 36.4086
14.7725 34.8827
44.1801 26.7235
14.8488 17.0003
14.5497 24.1295
21.0013 31.6492
36.6146 13.9042
21.7597 5.16068
30.6223 12.569
10.7501 2.07984
41.6303 43.8673
15.0075 21.5171
6.71407 18.3645
12.4256 26.0018
24.6391 5.72375
21.1982 4.42976
23.2582 13.7043
19.0359 45.6664
45.0072 12.9841
24.9916 24.3217
45.7488 21.8299
1.67547 25.3349
27.3339 39.6908
10.7181 8.86563
49.1562 43.7971
29.2474 42.0911
39.0088 37.7895
10.2237 49.4491
48.5992 16.4815
44.438 7.9104
23.9799 35.7784
6.9689 38.8424
36.2499 1.84332
45.9471 22.9865
42.8083 18.5751
46.3866 40.173
24.5018 7.42668
26.9601 10.2908
18.952 38.6654
2.47353 37.0968
45.3871 38.1191
19.8828 31.4066
41.3022 8.46889
0.657674 15.2577
6.23188 29.162
47.3113 33.5871
22.9774 23.9875
46.8871 24.9809
1.57628 10.4083
29.2535 28.0847
16.3564 19.6783
12.9795 25.2098
31.3425 1.83111
46.6216 49.7131
34.3776 4.58998
28.2388 8.70998
25.2373 40.2753
10.9409 47.6775
28.0648 29.7464
27.2897 8.51314
23.4275 37.4722
40.3424 7.63115
20.3253 36.7733
4.19019 35.612
13.4465 19.2953
41.7753 5.01572
45.9883 37.7926
22.7836 47.9019
23.3619 46.2676
49.4903 39.61
48.0895 26.5435
33.2865 0.37843
21.1905 15.3172
19.7684 1.36113
30.4117 20.7724
45.1598 26.5893
20.5588 42.7931
31.8964 17.4596
16.2816 35.8654
6.19221 1.31382
42.6191 28.7103
45.3856 30.6482
13.596 39.7244
37.8704 34.5317
34.2143 2.26905
13.4587 8.80001
36.1217 38.9096
26.9585 46.5896
42.291 48.6099
2.77261 35.7372
31.0221 46.0143
23.3711 24.6712
44.5616 16.8142
19.3945 33.2987
12.6652 28.3044
44.261 10.4816
36.4238 9.17234
41.0276 14.6626
2.6429 37.5958
34.3745 19.1916
24.1173 1.68615
5.48418 18.92
26.075 21.3874
32.6548 39.6374
24.1462 45.8281
5.42772 26.8883
14.1362 15.2486
45.0926 15.7613
18.9337 1.54118
39.3277 8.18506
12.8559 16.4495
23.8258 9.31272
18.7475 1.51677
18.7017 49.5514
48.1506 38.8409
2.49336 43.791
29.8502 46.6811
31.5867 14.4139
47.1145 48.9914
37.8384 29.6335
28.927 32.96
12.2639 33.7153
15.5568 33.5673
7.55028 20.6732
43.7391 9.29289
17.2414 27.9748
21.7994 47.969
14.3834 1.82806
40.0433 16.8874
7.47246 10.6189
36.7016 46.2081
46.4904 8.0462
14.7557 9.72015
36.8419 22.541
29.9631 42.0453
44.0352 24.4987
45.3673 6.30665
46.8795 47.9278
22.6508 1.37181
22.0405 18.0319
45.5977 22.6966
17.7496 11.33
46.0005 15.8422
49.4919 49.8566
27.3247 36.7412
25.4707 5.98315
6.44398 7.75323
34.6843 19.4906
18.7399 33.5963
5.39415 3.36924
6.90786 16.1855
16.8325 39.9716
38.76 32.4839
21.9306 44.0519
24.3446 14.3788
13.9119 44.2747
27.6971 44.6944
44.525 9.7293
43.5285 8.3636
26.7678 23.0338
34.17 12.8483
29.8837 26.574
47.0885 16.8523
49.4644 43.4706
8.26746 31.4051
10.4526 49.7864
11.8 32.3649
35.8837 49.5956
0.964385 48.4176
39.143 29.4214
11.1301 13.6143
22.5837 43.6537
19.7852 48.5412
40.3058 7.46178
24.0135 9.13877
7.89514 48.8189
40.7163 17.2903
16.9637 46.1364
49.9039 12.1845
37.2738 3.1373
26.371 36.5551
14.2811 37.4844
30.0546 46.8429
44.9004 34.7316
0.402844 11.3437
39.2956 44.1878
25.0603 35.4198
1.53508 18.2287
28.1747 27.8008
36.8908 21.6285
48.6526 47.087
18.6193 12.4744
3.66527 42.4665
22.0267 21.221
7.72729 27.7505
8.62606 29.4656
42.6405 2.77108
18.2134 24.9733
48.6419 11.1927
1.65716 34.5531
32.0566 48.8174
2.23701 11.3102
9.75066 11.4475
18.3065 27.8787
35.7387 46.3576
5.14237 2.14545
30.1996 46.4385
48.7487 7.08182
6.28224 1.0773
19.4494 41.2015
14.9541 42.8587
38.0932 11.2339
3.22886 4.09101
12.6392 3.57372
6.10218 22.3045
27.9977 46.0433
17.4688 8.6993
46.878 36.5658
10.3809 18.6636
4.50301 40.2905
1.91046 38.4014
4.98367 31.7393
32.9737 26.7357
2.14698 33.5307
8.39412 26.1498
22.6722 28.2525
17.5466 32.1268
14.3101 45.0392
30.8603 34.8598
27.018 47.4212
42.5367 22.3777
9.81628 24.0013
4.75173 9.16776
31.1838 8.53603
23.69 29.3451
5.78936 30.9626
12.6911 8.43532
35.403 25.9484
22.8568 2.83517
46.7528 0.523392
46.3912 21.012
34.1975 37.3699
13.0222 15.4927
39.9747 35.284
24.8085 9.73846
29.8654 13.4556
49.6048 48.9242
47.0809 31.0358
18.572 38.7112
2.19275 48.6251
47.9812 11.0813
31.8979 33.2118
30.6421 31.2784
34.4478 33.1263
17.2918 34.9086
14.5573 24.5811
33.2209 9.30967
45.5916 6.35548
0.469985 8.20338
31.8476 44.1923
10.9165 13.7013
28.7606 41.4411
20.5329 34.7667
3.81481 37.5698
10.1657 6.12812
46.0021 11.0416
33.1217 26.7785
6.61641 38.1603
44.8866 2.05695
29.2306 34.4356
35.287 28.4326
1.61748 30.0272
8.39869 35.0032
37.4783 5.83209
30.5353 20.8151
20.7511 41.792
41.5922 2.03406
20.3497 3.94452
0.109867 8.04468
8.10724 21.8375
7.32444 40.5377
37.7667 32.8089
30.5368 34.6507
17.8014 44.7478
21.1081 36.2178
35.9279 43.8551
47.409 34.2021
18.0563 49.0036
38.0062 12.3585
29.5495 39.227
5.42466 9.20133
1.57018 5.92822
45.8007 0.334178
40.3378 6.35243
34.6858 42.2086
2.11035 19.8874
14.4108 41.3617
41.7081 33.7657
43.2218 38.2229
17.3666 9.7232
1.55797 19.5105
9.77203 8.17438
25.7897 48.3245
38.052 21.4652
14.6748 25.9606
30.5597 42.7824
28.9163 24.546
33.2545 22.2602
29.0704 4.51216
13.4907 36.8587
22.1717 6.01672
42.0377 25.5776
12.3417 28.341
11.1118 16.5593
25.7256 36.3384
21.2943 47.6531
5.04776 8.00348
45.0682 6.99484
44.1252 12.215
49.852 45.1781
7.61284 30.7047
38.3206 35.5541
6.33717 13.3457
38.8119 34.254
23.4947 30.7932
3.64086 16.4724
12.0426 13.5487
48.1613 40.582
8.60012 41.5265
38.3267 16.6509
34.1655 23.1483
9.62401 30.9076
26.9494 28.0786
25.1717 2.72988
27.6681 12.6072
5.76037 25.721
12.5797 1.79601
39.7122 19.4098
44.5906 17.4093
5.3148 43.1944
37.7316 15.7079
13.6814 49.0143
5.33769 24.189
4.82192 24.3858
37.2356 41.2809
4.75478 2.31483
26.22 38.1207
26.4611 39.6802
39.198 26.4245
22.512 40.611
3.23954 31.5455
22.1503 26.484
1.90588 34.7575
10.6723 29.0307
2.13172 23.8578
33.9015 8.17133
6.99179 16.1092
35.5678 21.1158
4.6556 42.6374
10.4221 44.2839
8.84884 8.27967
30.8725 24.6391
11.1301 16.0283
29.9722 11.9663
40.2936 20.0461
48.5748 48.674
49.2218 46.382
29.4519 18.6697
24.4789 45.4207
16.2038 31.9071
38.9874 15.125
39.7671 46.0967
43.0631 9.15708
0.317392 2.2248
14.1606 18.9047
27.4239 25.3883
10.6174 43.5163
26.2108 17.5207
49.6994 36.9686
42.3841 43.5835
5.29649 46.263
3.90484 37.7697
45.5565 29.7891
22.1595 31.2983
5.74816 19.9286
10.3732 28.3456
16.7348 18.9596
2.17139 31.6858
34.2814 42.3246
28.0114 44.5998
39.5779 48.32
32.3527 0.621052
6.2685 18.2867
39.3674 47.673
4.28938 26.3375
49.9893 38.1542
35.8318 12.7003
28.1213 1.56407
23.7495 49.7452
8.83053 1.1948
47.7325 14.7404
36.3079 1.46336
48.529 8.41853
14.4398 47.4731
45.5535 33.3949
27.7917 33.311
38.1924 21.5155
15.7964 10.7166
36.1034 24.2088
8.00043 14.6153
38.8363 4.85397
3.14035 7.11539
10.0833 47.3037
49.8947 16.5365
16.8722 19.5441
12.0853 23.0018
29.0048 6.62709
26.1956 17.1926
49.0738 1.87384
33.9579 33.7992
18.3462 20.4672
47.8668 36.2407
18.8559 24.4453
32.4076 4.22224
16.9744 23.2047
8.83053 0.688192
18.8238 38.5464
16.2587 19.7226
32.8013 48.3245
36.961 41.9736
9.55382 47.7935
18.6056 49.1729
4.70443 42.6695
1.28941 24.2744
34.6431 13.0116
32.1696 38.8241
20.6915 11.9541
25.4997 4.0849
41.9813 38.3694
0.897244 37.4996
42.3048 47.5173
7.64336 21.041
11.3071 38.7524
17.8182 3.03354
35.2962 34.3318
46.1211 19.9789
37.991 38.4106
29.136 39.9731
6.53554 40.2646
21.9062 4.26191
23.0705 0.825526
44.5891 18.5171
47.1801 36.578
37.0266 20.3543
19.5425 39.8618
4.04523 24.7185
32.0765 49.6963
9.2822 23.6335
34.904 12.1265
0.36317 41.9279
25.4402 44.2045
23.2353 25.4662
39.938 40.6247
8.48262 13.4816
42.761 37.1166
37.4218 21.5262
33.7535 19.6265
20.7846 36.6573
18.9657 43.3729
47.8362 1.36723
15.0777 0.80874
38.6868 37.8658
32.8364 2.6017
7.65862 39.2407
9.78881 10.6342
20.4962 29.0902
37.672 37.1349
3.22886 16.1626
4.71206 48.9822
35.519 45.5901
48.207 41.2488
36.2758 23.2459
37.6537 19.0359
24.3965 14.8412
33.7672 1.68767
12.3859 46.2584
43.6888 38.4152
15.7216 6.73544
17.6901 49.4171
35.7418 31.4463
7.70592 31.5531
48.8861 15.0212
32.989 42.6267
10.0894 32.609
23.1986 3.3372
3.17087 20.0003
34.2631 30.9915
45.9716 39.4147
7.28935 43.9879
33.1187 32.4763
15.8635 1.18412
24.1951 36.9732
22.0344 15.1875
10.1169 18.9413
36.3109 3.62407
15.566 46.6536
1.95776 17.4734
20.2567 8.03705
48.9517 10.4953
6.86666 48.1567
37.8384 38.8592
18.4378 28.2327
38.8806 4.98978
33.0729 32.8364
16.747 34.727
38.7143 26.7785
16.097 1.83416
15.8406 38.2687
18.3447 38.9538
10.8951 19.9057
14.9281 49.031
8.22779 14.069
17.4093 6.29749
33.4056 24.2607
49.6841 10.8722
45.6709 18.9688
42.6389 36.0286
2.37587 19.6112
26.5725 32.2047
3.20902 49.1302
41.6745 26.8151
47.0046 42.7824
11.8732 33.9244
8.96939 47.7172
2.40181 12.8498
21.1478 12.859
6.34022 39.7458
13.8859 45.7213
30.4895 31.2418
1.18259 37.6308
25.8705 34.2006
17.6748 34.0236
33.1675 20.6397
40.1044 1.2772
38.4198 1.9013
1.06815 16.7226
9.27915 1.12156
27.8741 33.3308
7.15964 48.0529
14.2857 45.7015
45.5611 35.3267
8.02179 8.85342
39.9045 0.195318
21.7612 36.4422
19.187 20.8319
0.506607 29.8975
44.763 41.232
3.11899 15.1097
6.5569 13.7959
30.8054 38.1893
42.056 23.6656
10.4053 46.8612
48.3352 33.8328
15.2715 9.08078
32.4854 15.128
31.5577 45.4161
20.7312 0.143437
2.73446 26.7479
21.54 25.1228
10.1367 13.8844
13.0573 48.912
22.3563 40.6247
0.167852 13.0329
21.3004 16.831
11.5024 31.9193
37.7239 3.10678
31.6874 27.3919
4.0315 33.5978
39.1736 46.4431
7.20695 38.5037
44.9431 26.3771
49.6155 42.8724
2.38807 46.3805
0.560015 43.2127
33.7321 29.574
46.3607 38.5083
43.2173 34.6309
21.7719 17.185
12.4638 0.985748
30.5826 26.6015
48.2589 36.7397
38.1664 26.6152
28.074 13.2862
43.8292 3.80108
13.6937 5.76189
15.7537 47.8774
28.1854 43.3332
46.3515 16.8874
16.5716 8.41853
10.8356 42.7335
35.5235 48.9166
36.8389 3.58592
42.3414 42.4574
17.8579 14.7694
28.5852 26.7815
28.3868 14.6458
18.6438 35.2977
23.5008 47.1007
28.547 1.86926
30.7321 17.1514
5.356 23.9128
17.0461 21.2973
42.4329 47.8439
38.7219 29.0979
40.8811 15.9612
6.96432 17.6077
12.5233 38.8256
27.044 35.2077
44.6715 32.1665
43.7819 46.3805
22.0283 32.4229
1.20243 34.0083
26.0399 29.9524
49.1638 10.7654
6.99179 33.9763
4.74715 16.1428
49.1836 8.3285
1.28178 0.671407
24.4621 42.0698
32.7464 23.9479
4.47554 44.0199
26.4092 17.9464
26.9021 25.2892
1.50914 42.2697
36.0118 8.84884
46.7711 32.8257
42.8571 30.2286
24.5796 20.5359
25.3899 18.3706
34.6461 21.6315
13.8615 20.748
44.94 26.0781
31.756 11.7557
22.7226 35.7204
37.6186 48.4863
23.5023 28.695
38.084 12.9185
20.6946 1.66936
17.3925 4.60829
33.8343 16.483
3.72784 22.9087
38.1176 2.73141
17.6916 2.82449
13.1275 42.8968
23.2032 43.5362
13.506 41.525
26.1711 43.6445
19.4342 5.07523
41.2229 32.2535
49.6902 33.9732
21.8039 9.87579
45.1353 3.41197
23.9921 38.2962
5.40941 34.5164
49.2904 43.3988
36.6726 32.3725
36.7489 20.0613
43.1776 42.5413
49.7223 3.15867
20.5222 2.56508
27.546 43.7376
33.3644 40.0845
47.4975 4.43434
35.4228 44.0672
17.2933 13.1916
14.5695 10.773
43.4889 39.3399
20.8502 40.9818
46.0524 31.1014
10.2054 40.0296
14.452 28.5852
11.7466 47.2747
25.5638 41.3343
1.36265 46.4995
18.6926 4.48012
39.5001 33.8343
48.0499 2.58492
5.90075 44.7661
7.97601 25.2022
39.1568 16.7913
1.24058 43.2585
13.8081 39.2819
45.7015 20.2872
12.9139 17.098
39.6741 47.5967
28.7957 49.5712
31.3013 17.4062
49.8444 1.33671
12.2272 23.0659
16.1565 16.6723
30.9183 0.358592
1.85858 3.80108
45.909 48.9959
6.86361 40.8353
14.3132 48.3413
15.9505 29.809
35.8989 6.44551
