30.8435 23.2353
36.5932 0.572222
44.4914 36.1049
23.3619 3.68358
26.2627 23.4306
45.5916 37.9894
9.52025 47.647
3.40281 15.8467
44.0336 23.9357
32.8196 9.49583
47.1923 22.7958
29.2978 36.6771
28.3898 3.1785
29.5846 21.363
38.1024 21.5064
15.9124 37.3882
18.2257 36.8679
31.6324 17.806
5.26749 7.73949
22.335 37.7865
12.9139 0.509659
41.522 3.84075
45.5641 5.13321
34.8842 7.24052
19.3777 28.2235
42.2651 24.3782
42.4161 8.9114
31.3578 21.9214
30.4102 27.7596
2.20344 49.5804
9.75219 4.05286
26.5542 28.2617
34.2463 1.79754
11.1515 16.4617
17.1926 39.7015
49.0188 12.6896
5.37736 25.4875
47.7676 26.7388
46.5026 9.82849
49.0555 27.6147
26.6366 30.2301
28.1899 0.935392
29.2718 40.1532
37.9879 23.6366
42.497 43.7254
35.9264 38.7326
15.8834 31.3028
8.66115 38.0352
43.6598 36.2545
32.9783 35.5632
25.6874 8.22474
37.2082 39.4955
32.8654 23.2261
2.22785 5.47502
28.46 25.8553
16.0451 29.0765
21.9718 23.957
21.0746 10.2283
7.08792 31.0327
18.1417 47.4471
10.2649 26.7205
16.306 44.6425
1.52745 30.6558
42.523 38.3541
44.0382 10.0223
0.244148 28.2006
33.9869 16.1031
41.0215 18.3584
7.39921 20.1559
38.1222 2.90384
15.3768 43.9024
26.2993 2.8016
44.3648 4.97757
46.7132 37.373
33.0073 22.6264
11.0935 38.0428
12.1494 3.9552
24.2195 37.1944
19.5303 6.07929
28.7332 39.9228
15.7628 44.4533
11.4048 11.5223
3.1373 42.6984
34.8827 38.5022
23.8182 44.2671
33.9763 45.9426
39.0042 31.2143
40.5698 29.0307
15.5995 20.4215
26.2108 31.5531
21.981 32.5755
26.426 29.1787
9.38902 4.20392
35.8486 0.335704
30.5475 38.1069
38.2046 42.5092
22.0344 12.4577
10.2191 16.7455
1.99896 43.9268
13.5319 28.2083
9.76898 25.1122
13.6296 25.5669
38.9019 31.6034
39.9228 27.0577
40.2829 18.981
25.9865 6.01215
46.7757 5.07828
44.0306 43.6674
46.0417 7.80053
22.6905 32.0795
3.04575 33.8282
12.1586 34.9437
8.85647 38.5128
35.7646 39.1446
7.24662 2.27058
42.0209 4.82345
25.7134 43.8078
46.2371 46.8215
12.4485 15.4439
25.7393 5.24766
5.82598 0.914029
7.77001 38.0596
37.9696 10.9027
14.1163 43.3882
48.9715 46.6414
1.55339 44.496
13.3122 26.8975
12.1342 45.1201
5.05386 48.6557
22.425 38.0551
3.36161 26.7815
5.71001 24.7581
14.9251 33.0317
46.2615 28.8079
14.8305 29.6716
19.7104 11.0248
32.458 18.041
28.6065 19.0603
33.9549 47.3739
7.20542 29.2779
27.8619 4.18409
34.5607 13.7196
45.4375 27.5338
19.9774 39.993
22.2571 20.484
49.9023 36.8816
32.6441 3.05948
10.2786 33.4819
3.49132 27.0257
23.4825 4.69375
9.04874 47.7859
13.8401 30.8741
23.2185 23.7403
40.8521 4.45112
30.9351 38.3801
14.127 41.3434
25.2037 15.453
29.1437 29.9509
41.3282 22.515
37.8506 25.5821
4.91043 33.1645
43.2081 23.0857
45.2025 43.2829
31.7164 15.5278
0.311289 11.5909
32.9905 21.7093
15.9169 19.8462
20.4474 40.347
13.9576 22.9575
42.1735 13.7257
32.9264 34.3745
46.0295 8.64589
16.3045 17.0324
38.052 47.4487
0.703452 25.1854
38.2229 46.9665
30.2774 17.42
22.6661 48.1948
48.9578 36.1766
16.3213 44.496
47.0977 24.0959
25.1869 41.1451
14.0599 22.4769
22.1595 4.05286
23.3421 22.1976
25.5531 30.4407
1.75481 12.3692
34.3669 49.3164
9.27915 47.0702
9.34172 34.5347
31.0984 25.4494
13.8829 38.2885
8.42463 5.53758
3.914 27.7947
9.64538 47.0428
30.7092 33.0393
18.3691 3.46538
45.79 38.3557
39.9167 8.8641
21.9184 25.6691
2.84738 29.5312
29.284 2.21412
7.06656 25.9438
30.9122 20.5405
45.0591 45.2727
36.3872 23.5969
47.853 39.7732
27.9305 22.7561
32.2367 31.37
47.9034 41.5387
0.81637 17.7343
11.8061 32.8822
21.4667 40.1944
35.8242 2.7543
37.7346 8.75576
42.9792 47.9308
36.7656 4.58846
36.9716 40.7315
26.3115 5.23392
7.7456 18.5736
47.3876 2.91147
7.87072 11.0797
24.1264 11.1866
13.7715 12.6347
27.4087 30.3262
10.8936 33.14
3.82702 16.6738
16.8508 34.8094
46.5392 26.3314
31.6324 37.8262
9.57823 28.4646
28.9087 2.63527
42.1949 8.56349
27.5338 21.7353
44.7569 6.94449
7.26341 28.7301
22.8187 12.8254
7.78985 7.49687
40.8872 9.2822
25.1335 9.25779
2.44911 39.3841
44.4624 10.3717
7.84936 38.8455
23.394 18.6651
16.5456 5.49486
14.864 11.1057
15.3249 0.862148
43.5865 10.6479
19.0512 4.21155
25.2037 35.0322
5.47807 14.3376
42.1735 25.3868
10.7196 19.4098
15.453 37.4187
36.9167 30.2148
36.0515 3.01523
48.6816 47.0794
45.4939 45.0758
9.87121 5.79241
29.3008 3.35704
37.2631 22.8645
12.4882 4.2024
22.6615 35.3862
21.2043 31.8918
0.0625629 5.85345
49.5239 34.492
9.37223 37.2417
45.4955 21.984
33.2728 18.6224
5.48265 39.4818
8.80764 46.704
40.8704 23.3665
40.2341 43.5133
6.18915 23.1498
14.6886 15.624
2.74514 46.8612
47.2747 25.1778
46.7833 12.7796
7.08792 18.0319
16.2664 15.3523
0.769066 29.371
15.3478 38.049
15.1387 12.0426
20.5603 21.0242
45.4695 7.98669
47.8134 16.3808
10.9714 8.02484
4.25275 38.8272
34.0556 20.3467
14.0614 44.5616
34.9101 43.0113
32.2184 46.2066
17.9815 10.7379
35.3343 46.5697
1.91656 11.3651
3.58898 49.0814
19.5227 42.2056
32.8486 27.694
39.2956 1.6953
41.0169 14.0721
35.1131 36.5886
7.68761 34.8811
5.62304 40.0235
11.1728 6.97501
19.9057 20.8075
1.93335 23.3314
40.9589 39.1842
26.5206 37.4889
3.59355 29.4137
41.0489 29.3603
48.2772 4.50453
28.3029 10.1886
37.4874 13.3641
7.50298 49.4888
6.16932 45.7152
0.81637 31.7576
22.8248 5.07065
45.6709 25.8019
12.7964 45.1033
16.9164 24.4591
20.3528 39.6832
47.9461 37.553
11.0691 31.9407
14.7649 45.8708
41.1374 32.6319
22.1397 49.0066
45.1018 13.1397
5.84887 14.8488
18.6377 13.4175
40.1074 13.5472
47.9049 10.1733
14.2369 43.7666
12.0319 15.6453
17.629 34.0297
10.3351 2.2309
47.0809 26.9814
40.7804 23.3207
25.544 29.3725
31.2891 25.6371
46.379 35.5709
0.444044 23.3833
32.1375 7.42515
49.144 29.519
21.9825 18.2989
9.76592 14.4948
26.7663 44.058
4.45112 37.7148
15.8544 8.85189
38.9798 22.0847
24.749 18.511
33.8969 16.9378
47.5753 39.3109
19.3854 19.6356
3.49132 5.00656
45.4802 1.1948
41.0993 9.87274
34.17 6.21815
19.8798 20.5969
24.9641 22.4525
32.7692 14.8396
40.4752 40.2905
8.89767 29.2596
23.5771 47.5372
10.567 24.8329
22.721 29.7235
13.5258 2.25532
26.9494 21.3141
34.6232 25.277
27.1752 28.1014
45.8663 34.7316
5.31022 16.0985
38.9798 11.124
27.7703 37.2585
29.5206 18.5614
44.9431 37.3135
14.5894 37.8307
23.1773 16.0604
23.2337 21.4637
10.86 35.406
23.5817 28.5836
15.125 45.4573
25.7714 22.3411
40.7743 24.0181
44.763 37.7743
17.9724 49.7574
12.0502 2.88247
20.2689 4.39009
0.381481 20.7327
49.5224 24.1768
0.523392 45.4237
39.2636 46.0372
14.1346 9.69726
3.10068 18.6254
1.81738 37.0388
29.693 23.6473
0.416578 46.0433
0.871303 27.7459
48.6053 29.8975
34.4661 10.2618
34.8399 18.7582
28.4082 37.2021
6.74612 7.86309
7.65099 26.6808
5.98468 9.16929
0.509659 26.2154
17.6702 9.34782
45.9288 47.1236
48.41 41.9279
8.28425 26.3649
22.0054 6.41499
1.2772 11.1515
6.90634 42.2163
47.4532 36.6115
14.4612 40.1242
24.9321 41.8317
32.017 49.2462
27.9275 44.5982
29.9676 12.1342
42.5687 20.1376
6.77511 35.9706
14.6352 4.17951
11.0477 32.5678
10.7501 15.6331
4.73037 35.0673
49.5819 19.2236
6.46382 24.0898
4.63118 23.3711
29.1971 21.1661
5.17289 33.639
1.08646 32.281
36.8923 7.06351
33.7657 49.3179
18.7918 27.6696
27.0348 42.2254
7.94092 48.497
24.0547 49.7284
8.60775 20.4321
6.06098 1.36876
37.3562 3.18918
40.7285 28.7317
20.6549 28.7072
23.1758 48.619
26.5816 12.3173
23.7449 26.0216
7.15201 31.9758
31.5409 49.6918
2.87637 20.8655
7.87072 28.1167
36.0698 43.7071
38.5907 38.7219
44.5051 2.04932
49.4369 38.1024
31.9514 38.905
23.423 16.1092
37.1822 37.9803
34.3425 1.59307
47.9843 37.8857
35.435 2.62001
11.771 6.56911
17.3177 38.9706
19.3197 46.3302
24.1935 49.7421
13.2298 24.7047
42.4329 33.8511
47.647 1.55797
0.578326 6.27613
0.805689 47.6592
44.8485 27.8161
17.0019 25.0832
29.1635 41.2061
29.4778 24.7505
33.8282 21.3904
40.8567 31.3898
1.84484 22.779
12.6514 11.2644
7.00095 31.2677
40.4187 42.9731
42.732 3.87585
16.1107 36.6115
45.8617 3.7843
4.21461 11.6367
44.2671 13.6006
33.2072 28.7423
42.5275 34.6507
28.9102 46.0265
34.6232 5.13321
41.3083 44.8149
7.75323 44.9217
41.3739 45.4131
26.3283 9.83764
39.491 8.10572
10.1886 13.2267
2.00049 39.7412
46.1501 47.6089
17.4856 1.17496
46.8795 14.2521
39.2865 35.9188
46.2264 43.4721
5.87786 15.2821
45.0255 13.4541
15.6362 20.3452
46.4522 0.436415
7.54723 6.04267
44.998 18.0471
24.453 17.7099
8.11029 28.6065
10.3641 5.356
14.5894 34.2265
18.4378 6.03046
38.757 30.5109
31.138 39.555
44.5219 30.6436
19.1778 37.9391
28.3441 42.7274
40.8063 3.82397
25.2068 8.13318
7.95465 18.2196
16.6173 33.7214
20.8853 42.877
4.75173 25.6935
47.8195 37.6034
41.7417 7.95007
1.16733 37.8445
28.2205 32.7067
36.9106 12.801
20.1758 16.2175
28.6615 49.4644
8.13776 7.416
43.028 32.7998
7.82189 22.2694
17.7847 17.4795
26.2474 1.66173
19.451 11.391
42.3994 25.6508
31.8216 16.3076
16.5197 41.8485
2.01117 45.9731
17.0705 40.8048
45.6023 16.9561
29.4168 36.1675
37.4065 32.5755
35.3404 32.4259
39.462 5.18357
27.3873 38.0886
42.7778 37.1639
47.1725 7.05893
24.427 5.91296
11.6352 16.0726
46.527 23.1635
16.3823 10.9531
48.6679 13.9012
30.1218 29.5572
10.3839 35.2611
19.2709 34.1639
35.1833 30.6467
16.8233 11.1744
32.7357 39.4375
24.4957 20.8975
0.758385 7.55638
12.2456 5.2385
33.1874 19.2541
4.21613 36.1248
6.15406 45.3642
15.1723 12.4607
18.3889 28.4005
26.4748 38.4243
37.55 49.7818
15.6819 40.9345
29.0994 49.4766
28.8217 9.08231
19.2404 43.4294
9.39665 13.3564
18.5141 9.03195
23.2017 37.4554
7.5869 33.9885
42.996 30.5109
11.8274 48.8601
32.0963 12.5538
16.2023 38.6212
40.9742 40.9864
47.0656 3.53099
5.89007 20.9143
22.4067 14.6306
13.6464 17.1529
47.1358 34.1868
21.5155 0.683615
4.91501 46.379
46.408 37.405
23.1712 18.5705
12.331 1.98218
12.7873 38.4457
20.2368 24.6117
9.08231 47.3327
29.2581 3.49742
15.6178 15.0472
13.4632 40.8673
27.3888 26.5465
33.1553 35.342
34.9895 25.7012
34.7682 38.4533
36.2835 36.523
18.4606 8.14692
7.16117 7.13523
37.4371 17.0675
7.95007 46.8261
18.0685 48.4283
27.0165 1.45573
14.8793 37.3089
38.1481 37.5805
39.465 40.1685
23.2597 30.5612
27.3827 40.3912
37.0128 26.9997
32.1116 22.6844
14.8595 26.8014
10.1123 24.1295
1.14139 5.17746
36.0729 44.7203
48.7442 19.9011
12.3814 25.164
16.9073 24.131
11.9068 24.8024
18.746 30.1157
18.1478 7.43126
45.0301 44.084
1.79144 17.8426
15.8025 17.6443
47.7813 6.90176
36.3948 36.0057
21.9108 37.9849
9.39207 38.3068
41.0627 32.548
29.1269 40.4111
36.0866 37.7071
10.2405 5.43992
21.4484 23.5679
26.9097 32.3832
10.6586 43.1791
14.2552 8.0752
41.5769 12.8742
8.54976 42.8755
0.625629 45.8602
27.7291 35.3465
10.0208 46.8123
18.8101 36.2438
17.0202 0.344859
23.7785 7.15201
49.3072 11.1301
40.4675 44.0397
25.5409 28.4783
30.0455 11.0782
35.1573 13.2221
47.6363 5.04166
26.4443 29.693
47.6424 45.5565
17.0125 20.5939
40.3439 11.5589
15.6667 47.6196
1.33671 19.2694
19.7806 5.58641
10.3458 11.9541
27.2149 42.935
21.015 6.83615
26.8502 46.3637
38.2 19.4433
6.79495 22.4662
4.35957 10.7059
44.3403 34.1288
21.5812 27.1294
16.6982 24.5399
10.8081 29.3344
46.6185 36.6054
34.8552 29.2962
21.9275 10.5838
36.7382 31.5897
3.0488 17.7633
19.9011 48.941
7.5869 12.9795
21.9169 37.4218
36.0103 13.7974
8.17896 21.569
27.517 39.1659
37.2021 4.77462
10.1428 15.3508
24.0486 35.2306
34.1655 31.9819
3.47606 22.7546
2.86569 5.98926
19.3426 26.8105
39.7305 36.2819
41.8516 11.034
6.12659 6.93686
39.1873 34.5683
8.5406 21.7734
5.1088 25.5287
9.41649 28.045
19.068 6.92007
30.6879 12.1326
40.3974 20.2979
14.0248 25.016
13.1565 17.4917
26.9066 20.3406
33.1767 15.7201
28.5424 12.891
3.87585 36.3933
34.7163 40.2997
32.4152 22.9041
45.6297 35.7692
42.7259 7.76391
25.7897 44.6715
7.02841 24.3461
0.0122074 42.7793
22.3441 33.5688
4.59914 38.9889
33.5902 10.8524
7.7517 20.3162
29.8364 13.6219
38.2946 22.0023
15.2547 24.7002
36.7443 30.517
31.3425 41.8897
17.8304 2.28736
31.9742 9.05332
8.47804 5.97552
37.8552 9.02127
0.360118 21.0852
21.9291 13.6204
31.0495 0.735496
2.29499 11.1423
32.8593 31.4142
44.232 6.57674
13.4098 47.5036
47.8286 14.893
7.00858 33.4162
22.866 42.7244
10.8829 21.131
27.4331 28.7164
45.3398 15.9612
21.8894 37.904
1.91656 8.34529
14.7237 30.3919
18.5949 4.4969
1.86926 49.6658
46.0967 33.7169
26.0277 0.837733
44.3846 15.154
7.58843 14.1743
23.3924 41.8912
23.69 14.1423
17.0507 15.0884
36.9808 39.3826
4.68154 36.0683
0.657674 33.845
18.8147 39.0957
41.3343 4.43739
3.4959 22.721
46.2951 15.4912
12.1464 12.45
6.72781 15.3508
9.03043 12.5813
43.4523 15.4118
13.4068 30.0165
16.7394 16.9073
0.407422 27.8573
46.7879 5.76189
47.7294 41.5967
46.3805 10.831
42.1766 15.717
42.3383 45.8174
35.1451 43.5285
37.2906 30.2026
11.0767 18.0135
38.3404 9.49889
7.97906 26.545
4.19172 20.1163
4.04675 47.2564
37.2967 19.1809
9.46989 29.8715
22.5776 24.604
27.4743 18.8421
39.3017 35.7173
23.661 1.57018
47.6592 29.7876
17.7145 39.5383
26.6076 4.72884
36.5307 15.1616
14.5589 13.303
42.8388 2.19123
29.4458 9.15403
28.3715 42.4512
19.7607 49.9603
35.6471 36.726
23.101 28.0282
47.4303 32.6487
33.8038 23.6518
7.92566 17.3498
6.22425 1.52287
14.7847 47.7142
45.2223 45.5321
45.9578 26.046
10.4099 2.24464
10.4816 3.95672
35.7479 28.4127
37.2677 22.2922
41.0138 12.7598
40.9146 19.895
36.7504 17.4398
28.6493 19.0405
49.2187 9.39512
37.4554 20.3436
16.9347 27.0043
15.4088 14.9419
35.3633 2.27058
36.3475 46.7833
1.29093 33.9045
11.8763 32.8227
33.5063 31.5912
39.8251 23.9433
21.279 26.7617
3.1663 14.4093
27.2515 20.1849
8.50703 32.6685
46.2828 11.6825
28.1838 21.3141
46.8108 32.2916
35.0261 39.0164
46.3012 24.1752
43.8795 42.2483
47.3327 38.6044
48.9044 29.6014
35.8974 47.3128
20.7602 6.50807
18.4652 37.5546
2.69631 3.20444
49.3896 36.1476
19.6493 3.7019
25.1854 32.8532
39.3719 18.627
47.2976 48.3734
49.6918 9.71709
29.8578 17.2826
40.936 48.7823
4.04065 31.2403
7.60521 18.9581
45.5657 12.7308
8.3285 41.0535
26.8838 14.7221
48.204 32.8135
20.6717 16.483
22.5471 33.8969
6.12201 10.9256
36.1415 4.39161
4.65102 3.75835
37.0296 29.6869
46.5453 19.7592
28.9254 39.4894
45.1476 36.5032
1.29093 23.8258
30.1111 40.8399
41.1725 3.82244
16.3015 28.4265
15.8055 40.0891
9.90783 41.6639
40.1212 36.5032
28.3212 16.2923
18.1371 22.2282
35.3435 32.02
22.3823 19.7623
18.2974 37.4538
0.323496 31.8262
8.58791 44.6532
21.9535 4.92874
22.2816 13.6448
7.51061 2.39113
22.2739 22.1732
49.4751 44.6608
28.5989 41.0245
17.832 49.7177
28.4387 10.2283
12.7308 31.4081
12.4195 36.4559
3.5432 38.4793
38.7204 6.91092
18.421 42.1598
1.58544 40.0525
23.4077 5.08591
5.80157 18.4271
5.1561 39.3979
23.6763 23.9647
46.3256 36.787
36.111 21.0074
7.71813 28.3441
34.3226 7.41905
6.21509 7.0101
33.7596 29.0719
2.57271 20.4215
26.7907 28.0114
38.1527 16.9851
25.7393 19.6448
34.6263 2.99081
22.7927 19.2343
45.7472 43.5728
18.3767 13.0192
25.2235 15.3203
44.557 44.2824
49.7787 43.379
35.0124 9.66674
11.4246 30.8176
18.1555 36.0744
18.0776 13.1046
34.962 33.4117
16.4937 45.5016
8.06604 43.5591
26.6625 6.14795
13.6982 30.8298
1.66784 22.7302
33.0012 34.2418
2.11646 5.44908
34.3104 26.9265
49.1638 44.1847
12.9643 2.97555
45.2254 2.6017
40.1822 37.0434
26.4275 17.0812
47.589 37.0083
35.8531 33.1996
48.9547 35.0261
31.6538 37.6614
25.6935 37.2616
19.0878 18.4317
27.7078 27.6345
20.5405 10.9088
16.1092 45.8754
22.6096 12.9475
49.4171 35.2092
14.2872 26.5374
39.7504 29.9936
5.33311 8.95108
30.636 28.5867
38.8684 41.2
22.9286 21.807
37.289 46.5514
0.454726 22.2587
45.5275 16.9836
31.93 14.8442
10.7501 30.3613
0.688192 23.7938
12.5416 16.126
38.8333 16.4998
32.6273 2.35908
17.3193 39.494
28.2296 1.98981
18.5781 6.83767
48.0865 20.983
43.202 36.3109
5.20798 46.3027
27.2912 3.61797
45.4436 46.4843
21.9977 10.0146
25.898 42.613
11.8442 33.5948
42.2925 32.5251
23.3757 9.60112
19.2862 26.0369
0.691244 10.0482
2.88552 24.0364
49.4613 17.9617
18.9291 49.2218
25.927 16.5807
36.7763 11.3163
22.5227 38.7936
2.21412 14.5772
26.606 47.1511
28.6874 40.3836
3.92315 39.761
10.8661 12.7537
33.3247 2.36213
49.6582 29.574
44.3175 1.91656
2.70089 17.3635
34.0266 42.0087
49.414 42.3963
15.0868 25.367
34.6431 35.9645
21.0852 43.852
30.0089 16.6341
21.0501 41.1725
26.9723 17.2781
19.6188 18.6758
0.706504 49.6994
44.3922 29.5251
8.83969 14.6733
47.0626 31.5607
14.1118 40.2219
19.8721 44.1618
45.0255 5.8916
3.98114 29.4321
33.549 35.9188
41.2656 43.0158
43.936 19.0191
46.1547 24.8451
31.7042 37.6827
49.0524 25.1503
46.8749 14.7191
37.8826 36.0286
20.4978 9.93683
49.3713 23.9021
48.5458 24.7047
36.5658 33.1645
12.2288 47.2442
14.214 6.31428
48.8083 46.466
8.51924 40.9375
11.9465 47.1435
12.8666 28.7851
35.6868 44.2488
26.0506 47.319
41.0901 39.2651
24.604 48.9914
49.6307 6.27766
45.7671 18.6041
42.3688 20.6748
32.6426 44.0474
29.017 8.23695
18.1585 20.7099
15.8956 47.4807
49.3286 34.9239
36.9152 32.9951
28.4173 46.701
36.5719 32.6762
22.5806 17.1087
19.0878 46.5758
18.4988 0.587481
2.71157 0.251778
23.6015 47.5219
43.2569 30.3949
40.4492 37.3669
15.9413 45.5443
15.801 37.6751
19.6005 19.7302
40.9742 9.29899
42.3139 1.82806
5.00809 3.0961
2.52083 48.4512
27.2591 18.4637
4.69985 13.1809
20.9098 18.9871
23.6457 49.9893
14.04 25.5379
6.4272 13.5792
29.7449 32.1299
6.08997 14.5711
1.92267 14.8335
36.1507 12.244
28.254 29.0674
9.95972 2.69936
36.9549 15.5934
3.99182 35.255
18.8681 10.5045
9.11588 14.864
1.442 29.5312
8.92514 23.3909
16.1657 21.9794
49.176 17.5344
36.0256 14.6092
37.402 36.2377
34.5515 40.7697
36.7733 25.3746
42.9945 25.0908
43.2417 12.5355
7.21763 19.0664
10.0665 39.7275
20.8609 7.81884
8.75729 36.7855
36.3292 33.3811
40.5026 43.3363
30.1813 4.76547
37.1487 12.0945
24.4728 40.2097
15.8071 1.32603
40.6217 11.8107
26.1177 39.2865
37.3501 37.9543
4.26344 18.4286
9.28068 43.7864
22.7744 2.24006
47.7279 35.0765
0.207526 2.45216
40.2646 5.76342
9.74761 9.50499
10.625 24.517
0.788903 34.022
25.4982 20.5985
22.5837 42.1476
19.7699 14.3651
13.9805 42.5413
16.802 12.7094
48.3703 7.84173
45.2818 14.7588
47.8332 38.4259
29.2123 48.1277
5.61998 1.2421
2.62459 31.0633
30.9809 1.58544
25.547 30.7764
5.41093 20.5695
2.80465 13.2756
14.4093 26.1437
32.2306 5.01724
43.7605 40.4645
33.8084 11.6916
4.45265 21.4103
36.3598 14.4383
25.2602 41.0916
23.2994 38.8256
27.0608 19.1183
14.0309 16.8889
17.9632 43.4935
32.5694 37.5591
23.2948 36.8938
39.906 5.76952
39.5108 1.1887
31.727 5.57421
26.0964 47.9858
28.0251 37.579
24.5186 48.0239
6.14795 26.0048
18.2913 7.23594
3.89416 15.6911
23.2109 2.27363
44.1694 4.35194
21.8451 33.3201
7.7929 30.4025
31.2998 26.9997
6.02741 11.655
18.3737 47.206
29.3466 5.21867
1.12003 46.6399
24.0654 33.8969
0.903348 16.892
23.3467 49.3973
34.0114 19.8691
34.17 27.6742
6.87124 8.38191
6.82241 16.7226
3.95215 18.7017
38.4701 32.107
32.3923 42.9105
37.3669 20.5664
12.4393 13.8356
49.2828 37.0067
27.7551 10.4144
22.692 5.16221
24.6284 16.2603
14.3025 7.28935
24.1951 39.2743
11.4658 23.1483
36.7046 25.1061
23.0567 13.6357
41.8897 22.2709
15.3706 19.3518
24.5262 31.7423
44.5936 19.4128
29.2215 48.8281
12.4302 20.8411
23.5038 30.137
46.4278 23.8304
33.285 43.4797
31.576 33.2011
39.7336 33.4529
44.7386 11.3575
1.64647 10.6006
18.4713 43.0754
42.375 46.8978
35.8119 7.39006
15.3478 35.3877
32.577 26.9631
37.2906 46.8276
8.74203 40.1624
3.1663 41.0733
25.4769 16.2481
21.9275 16.1016
39.3704 8.9053
37.1258 2.41249
0.442518 18.4942
21.4469 35.6792
15.4805 8.27357
9.24558 15.4088
3.25938 44.9812
6.11133 32.4732
43.2478 8.99838
39.5627 23.2841
44.2946 44.496
39.9121 33.4513
34.9345 44.8057
15.3722 48.7152
1.81127 43.3714
10.4556 25.988
27.8298 5.57573
11.7481 32.2993
6.55232 41.7692
40.0967 24.4652
34.4523 36.7718
43.2966 27.2912
7.5457 16.2313
28.3197 43.1257
23.9891 45.0835
47.1648 0.570696
19.1885 28.46
25.3731 25.1717
34.9956 10.3549
47.2961 39.8785
49.5544 40.3562
37.1487 28.1198
19.3381 3.74615
49.9405 17.2796
9.97345 35.313
11.3163 15.3996
17.3894 12.1448
20.4108 8.90683
5.8504 45.7549
4.71358 4.20698
14.4749 18.8299
41.0947 20.9235
8.73287 36.9228
31.9666 19.6081
28.5699 40.3912
0.704978 21.7536
9.63164 46.9146
45.3764 4.88144
29.2383 19.8828
14.7969 30.5628
3.5905 32.9768
46.0601 38.1344
37.8384 26.252
27.514 11.98
5.51317 24.041
26.3222 5.13779
8.95413 9.98718
44.6089 27.0775
47.2228 29.5145
43.2981 28.4433
43.1089 15.0487
47.6882 40.5942
5.78936 4.31684
23.8243 2.72378
30.6894 47.0153
39.7336 34.4127
13.1001 20.1712
0.584429 36.3811
27.1584 47.5127
21.8467 27.2912
46.6811 43.1455
29.4839 49.3942
9.49126 24.868
1.2711 0.831629
1.75481 17.4306
38.2855 27.4209
13.8783 41.0337
30.6345 31.7133
44.5814 5.39872
6.48823 32.1543
4.65712 4.73647
28.4692 30.163
47.0107 33.874
26.4687 17.9159
24.5231 20.9098
30.961 34.6889
2.3133 46.6796
45.8541 4.51674
25.9621 46.3454
24.9641 13.0497
22.2465 13.4281
41.1618 6.34938
33.9579 1.60527
12.2547 19.4891
15.3737 44.5585
22.6783 17.7465
39.9274 39.201
5.04013 8.20338
46.6414 12.6194
20.5969 4.5793
26.9158 17.9907
2.71615 3.07779
28.1869 29.8257
2.39418 2.11035
26.0537 33.8527
49.8779 23.6549
41.4243 31.8247
21.4682 19.097
4.23902 6.59505
25.5684 17.362
40.35 17.7511
47.0168 48.1353
33.0897 23.1269
13.7974 47.9949
36.1263 46.5117
25.1717 32.2703
39.1369 36.8618
5.29344 40.4355
12.888 39.3231
21.3858 37.8445
35.2672 23.3894
30.517 31.634
24.8268 38.5022
44.0626 33.5963
33.4254 42.3902
23.9067 27.8344
24.5003 22.5028
49.4354 26.0186
38.5556 5.79241
19.3976 18.0502
22.4097 27.2103
27.7032 0.952178
23.7922 2.19275
27.1813 43.791
27.8146 23.4748
20.4184 21.4438
36.9137 27.5185
41.699 25.0359
20.8075 0.901822
19.1122 31.843
38.0322 21.9413
30.9153 42.4711
5.63066 7.89514
45.1811 18.157
18.54 13.0406
6.81783 25.9529
45.2528 47.9415
11.0157 24.6513
1.30619 15.2181
27.1767 49.2416
27.1783 32.1467
12.3936 26.7006
22.1213 35.3633
28.5516 30.9748
10.5289 38.0352
2.09815 9.89105
42.3887 34.7652
40.553 41.9004
4.35804 24.5781
44.8149 5.37126
43.0784 47.2777
31.341 18.3431
27.224 3.48979
3.2487 31.457
49.9161 3.73241
34.3974 31.9437
48.0041 16.7669
5.5269 41.4716
39.8267 12.6072
6.51875 15.6209
7.97143 20.4657
43.8154 27.8649
28.6355 46.9359
17.0873 45.8098
24.1157 24.7597
4.20392 32.551
40.0128 37.4676
18.5659 30.9305
23.7083 40.2127
27.8512 13.5166
5.66271 22.0939
48.2681 6.12201
10.126 30.3262
3.34788 17.6702
46.7803 1.50151
11.3544 34.2158
9.92157 20.3284
40.3684 9.9414
36.7275 1.09256
45.1033 12.9536
1.14139 12.2105
24.5399 8.63979
45.0011 39.1446
14.4032 38.4808
22.8996 6.01367
3.58287 27.0486
12.4134 1.22227
38.5281 25.0603
16.1946 27.3782
4.69527 21.2775
7.54265 20.8579
49.1256 31.0541
45.9838 11.3163
33.1751 44.3709
14.4276 16.4388
29.4946 41.1466
4.49385 42.2666
2.31178 6.64998
1.51067 34.3959
35.078 4.82345
45.8098 0.375378
44.5235 42.3261
21.836 48.6038
45.2284 31.1029
1.67241 14.037
3.72173 32.3344
44.496 16.0466
46.2111 39.5016
28.5699 18.685
8.96634 33.4559
17.3177 38.7387
45.4695 17.2658
36.0408 21.8253
29.3344 13.654
10.8249 31.8796
17.1224 32.8562
46.2554 24.3324
10.0543 43.6857
43.4172 48.2788
28.7317 5.65813
34.8323 47.9843
39.8938 44.9446
37.8216 9.00449
49.3027 31.9788
2.90689 19.2526
49.7894 43.5682
8.7878 40.3165
38.5464 17.2506
30.459 9.34324
42.7259 30.7871
32.0383 16.8126
17.3864 14.5283
10.8707 30.4834
4.87838 29.5312
44.4533 10.857
19.715 19.2007
16.7592 38.4579
47.9888 17.2735
25.5226 48.233
25.4036 19.9759
47.0397 41.4045
32.9936 5.13779
10.0421 20.0629
24.5598 6.10523
5.24461 14.8473
24.9214 23.2459
32.0566 0.975066
13.0299 30.8618
9.10367 22.9926
29.0078 12.3249
0.0534074 23.5099
19.1687 31.2601
31.3547 46.2615
8.09503 21.5522
3.41197 8.78933
11.8336 4.04065
21.8131 15.0777
31.254 12.6621
0.0961333 3.43028
39.6542 37.8948
10.7013 49.9191
3.66527 20.2933
35.5998 22.7088
1.52745 1.93487
43.2127 7.58538
27.7673 18.5934
43.144 49.971
48.3932 40.434
45.3276 33.7611
45.6191 44.0733
25.1167 42.3002
16.2206 23.7846
20.896 21.7856
12.5462 24.6971
15.7781 42.4329
40.286 5.74358
29.9478 27.7032
2.02033 15.2486
25.1991 46.9176
0.663778 36.8954
48.265 41.5494
41.7936 38.9248
14.4536 30.5322
49.0005 34.3822
8.20338 14.8839
31.2738 35.1863
2.07221 26.9494
16.5059 7.88293
20.7648 44.5936
40.1685 13.8615
1.7304 15.6453
3.22428 41.8455
28.9132 12.9124
38.3587 15.4988
41.2 15.0685
48.5382 33.9427
42.1461 33.7321
7.03604 27.9687
12.534 32.0551
32.9188 39.8236
2.31788 5.12253
31.0877 9.30967
3.52947 17.4856
10.9455 24.073
30.7077 18.131
22.7226 16.8386
10.4053 28.2083
25.5562 17.449
6.33869 21.8192
26.3604 42.494
31.756 45.1949
3.55846 30.3476
25.5516 44.5509
4.75784 4.43892
43.7452 47.9598
32.3862 22.5425
42.822 21.5293
6.40126 44.9263
6.55232 45.2223
18.1036 29.1528
42.8297 28.5958
14.1301 34.373
2.06915 11.8229
24.6727 42.8724
43.7849 22.2556
25.0237 31.7393
2.83822 31.8842
44.4517 2.44148
31.991 35.9752
11.5329 1.11393
22.2571 48.2269
49.9542 37.3882
27.6742 32.7204
13.8661 34.5714
46.0173 18.0288
26.8639 18.984
32.0414 13.7425
13.6189 31.2708
44.8012 24.7536
38.2839 17.4902
5.61235 33.6207
38.6578 32.812
18.2302 46.2951
20.249 15.6178
27.7841 21.5476
49.2492 14.8289
20.0568 29.4015
8.48567 28.2662
37.6492 8.87326
5.44908 34.8537
14.6092 20.3452
46.4141 28.4921
6.07166 12.8895
15.7353 36.404
14.4917 1.82653
24.4072 29.7449
39.0072 26.8715
16.8828 9.34324
49.5254 36.1415
0.302133 24.3294
12.0624 16.3656
35.1054 6.48518
16.9393 14.594
1.15818 28.1472
36.3353 21.7292
28.4295 16.4357
12.8315 13.1687
6.25935 31.6645
5.46129 16.9179
10.3351 42.7015
44.8454 4.43129
11.3758 7.13675
23.9586 24.5323
4.63576 39.0362
26.1269 25.7057
24.2714 22.0969
16.776 37.0922
31.6141 1.04831
0.515763 3.47453
41.4609 9.06705
20.1285 44.5906
25.3929 14.0507
48.9959 34.0602
6.21815 41.5479
3.56151 18.2745
32.5846 7.15812
27.3766 20.5206
47.8362 16.2328
23.2734 0.685141
42.1644 13.6464
35.258 15.8284
2.12714 41.5006
6.67898 1.95166
46.6002 37.5423
16.2099 22.2755
13.1932 32.1223
18.2424 2.32246
34.2463 26.4885
39.227 47.1435
16.419 10.2542
6.53706 10.9622
12.9658 0.834681
11.4154 14.6077
2.74361 12.6606
32.5678 30.9809
15.0212 38.9981
21.9504 33.9167
14.1591 4.18104
29.3451 30.7352
33.2011 19.0558
17.2552 23.7922
20.4703 47.47
42.7015 21.3569
38.2031 16.6021
7.4633 43.1028
27.3049 28.9621
3.36314 40.5515
27.2744 8.84732
4.10321 27.7688
15.3706 41.1084
30.2728 42.6267
4.08338 34.9773
39.0469 33.9366
10.9607 20.8457
15.1555 44.789
39.8663 12.7384
14.6992 37.3836
37.7178 44.3312
38.3404 29.6823
15.7918 11.3071
35.4579 39.1888
49.6292 27.9031
15.8315 4.17188
46.6124 30.3812
20.394 27.6437
45.2986 35.3282
27.633 14.3925
35.5342 35.5312
47.203 46.4171
13.448 41.2641
27.3064 17.0263
10.3565 49.8077
27.401 18.9673
9.67284 0.9888
32.8074 6.84835
40.8536 1.58544
12.7705 29.2108
14.4566 26.3802
48.5443 0.518815
37.4004 28.6782
33.0515 8.43226
22.4219 18.1371
18.7002 26.6152
30.8695 38.67
14.89 28.4494
12.8391 4.26344
11.8076 21.923
33.7504 25.5348
32.0353 1.02695
1.39012 34.7926
36.5673 33.9778
32.5388 42.4787
36.7794 33.5444
23.1712 32.7525
38.9142 29.8517
11.3681 31.0465
22.6554 40.9024
46.9497 1.41148
30.343 11.1927
6.89718 6.46535
18.3889 13.6921
20.6732 37.7422
47.4792 35.5174
44.4319 49.2599
13.0833 42.6115
48.233 2.14698
42.8907 43.7437
5.31327 3.08695
12.6682 49.1256
47.4624 44.4472
7.1688 43.9833
25.5623 28.8537
27.5979 22.3762
39.3994 36.0912
22.2434 1.58086
25.7408 15.0548
41.7966 12.3585
18.7964 8.64895
45.9532 35.4076
22.1 44.3846
12.8452 29.3252
5.87481 48.5275
27.8649 20.3864
18.9581 16.5807
3.44096 49.4507
29.3329 47.9476
6.34785 46.2981
32.3359 27.5353
44.0825 26.7464
40.6064 12.1784
36.8923 32.8074
44.8332 4.63424
27.015 11.2323
9.36918 23.0064
1.67547 0.756859
41.7692 48.3718
31.431 23.339
0.305185 8.46278
0.389111 49.7147
28.5607 30.1889
29.9112 34.5805
31.1029 18.8055
22.3045 41.7402
29.3573 46.585
26.1238 4.46333
11.713 8.73898
49.5956 41.4518
16.921 29.4671
23.7663 23.6534
14.8671 25.8934
41.9065 12.2929
23.7632 12.7461
26.7602 13.3869
27.8283 5.55284
2.17444 19.0863
34.5256 5.19883
20.7022 31.1426
35.3999 21.633
23.7022 36.8145
9.60875 19.5578
35.551 32.5419
34.1792 43.8993
18.4698 15.6606
40.0647 7.87072
39.581 39.526
28.074 1.45421
26.7159 2.29957
33.7199 3.09763
14.5711 14.7649
5.05539 2.45674
7.74712 17.4368
32.5648 16.9683
12.2517 42.3185
45.1659 10.1032
12.0182 39.5917
11.3819 44.0764
42.0072 14.5558
9.77203 24.8497
34.4478 45.1476
7.63421 22.2343
39.8053 25.3182
12.0884 22.8935
48.9868 4.62966
32.5892 49.0783
18.4088 19.3289
18.9138 0.892666
24.4407 35.2519
13.7089 4.91348
48.8144 47.8607
33.6543 26.9539
21.543 9.70183
18.2867 31.8201
22.9423 30.6497
10.5777 47.8439
21.2699 21.1814
8.31324 19.0054
47.5936 24.0608
0.318918 2.4781
34.4142 4.69375
26.632 44.3999
19.6341 45.5
26.6411 41.6486
42.4055 14.5878
14.2994 22.512
32.4473 4.07575
44.4349 3.98267
19.3762 8.33918
9.23643 8.53603
13.625 37.5195
28.9895 48.1948
35.4915 36.5978
26.101 8.69167
43.9161 5.34379
46.4934 41.5433
41.5082 39.4696
17.423 46.8368
7.41905 38.2611
5.78784 4.56404
34.6019 49.06
15.9856 37.3074
23.0293 43.8414
41.3846 12.0533
5.43535 48.2604
8.46583 14.0294
7.13218 18.4332
27.7154 0.279244
16.4815 35.7936
40.3058 15.8696
17.5542 15.3249
24.6437 30.4773
11.5879 47.4914
1.84942 28.2281
28.7484 19.158
4.21918 8.55434
6.8041 33.8435
45.7366 30.9
38.2488 26.5908
8.69625 11.0889
12.4454 43.7849
35.5174 2.16987
4.35804 33.2163
39.7748 17.542
36.4193 14.7267
25.5455 29.1711
15.1036 26.719
29.1177 48.7365
18.7872 18.8604
22.1137 24.4758
38.4213 36.2987
40.1135 11.5879
47.5997 15.6819
25.8278 48.9608
3.60271 38.3251
0.874355 0.0762963
5.94653 10.7898
5.24461 40.8933
14.0034 18.2562
18.4988 2.47963
0.29603 20.922
1.75787 1.29551
40.9696 38.8073
24.5781 14.8396
20.0537 45.2406
15.7247 35.5449
49.0448 14.3529
1.95624 10.6967
28.3853 42.88
23.8487 1.21311
2.40944 41.6028
42.7366 17.066
34.2906 16.7257
27.8207 12.1876
2.58492 36.5078
37.5347 46.6613
45.9197 3.4608
34.1899 49.0036
7.37175 27.43
45.9975 36.3689
5.14237 19.8569
15.508 25.457
31.0419 4.55336
48.5504 41.9813
3.37382 15.2989
2.70394 11.4551
25.7912 25.5486
29.4092 39.1705
28.6431 30.5933
8.72219 12.1158
44.4334 27.4834
40.8399 30.7108
43.907 12.9933
33.3995 3.11594
34.3425 44.995
48.6618 9.96429
46.6277 37.495
49.6033 22.3045
12.6484 34.698
9.00754 30.5963
9.59044 34.3715
20.6091 17.5375
22.6859 5.84735
26.3375 32.5602
2.97861 22.9652
48.7457 0.793481
21.6865 7.25883
42.6832 24.3217
47.6867 1.72735
5.25681 8.52077
49.7253 20.4672
8.16675 21.3324
49.8901 44.5067
41.4563 18.2348
29.9112 9.14029
32.757 40.7651
16.8706 3.0839
31.0923 21.3767
49.8459 24.7505
19.274 2.47505
4.09101 15.9703
43.9955 2.40638
24.3004 18.4759
27.6467 36.2438
43.5026 23.4352
0.9476 24.1646
39.1766 9.37681
20.426 45.2437
3.12357 38.8043
9.83001 19.4647
26.6915 8.80459
39.5367 25.7698
27.8634 25.9941
32.992 38.9523
21.8314 1.0651
14.2857 43.2142
11.5787 33.3033
35.8898 5.19578
0.0381481 30.3339
0.627155 14.2933
0.408948 33.4513
16.9698 23.0567
46.1653 43.8185
1.66021 45.526
27.3431 19.8614
18.8025 46.2691
4.65865 41.174
19.396 27.958
28.0282 9.21354
20.4611 0.303659
11.0187 30.1691
37.7544 38.139
37.8567 0.219733
11.1591 11.4719
4.48164 38.5983
36.8328 45.3475
20.2765 38.6715
45.1292 42.2712
21.9749 32.4427
38.4091 25.074
26.3634 38.7188
27.7581 32.9844
23.3009 40.2905
32.7006 28.7378
35.641 10.4236
32.9676 49.5392
47.5997 33.9961
36.3689 9.67132
28.1533 43.5423
1.8479 37.6034
1.02084 15.5934
31.7804 5.34532
37.7819 47.557
22.5501 32.9417
25.6981 10.4694
37.5164 25.8415
36.8206 47.9751
41.3968 28.0114
49.9145 16.7638
10.1245 48.5809
1.78686 38.8653
5.28428 44.821
19.5685 11.0431
27.134 19.303
10.506 41.6471
35.3145 14.0202
10.86 10.2115
1.30467 9.29136
20.4199 20.127
31.6645 10.2664
24.2424 39.6786
26.1452 28.8476
28.1594 1.78991
9.7293 43.817
9.60723 7.76391
2.65969 47.0199
10.3671 5.33769
17.5069 8.37886
22.7424 36.3735
47.3693 17.5802
45.7717 24.4804
34.225 35.2199
13.0146 47.9049
31.5516 11.2476
18.4942 17.9693
0.219733 3.50658
42.3276 8.4109
1.76702 4.17188
2.6368 5.8916
28.0847 6.92312
35.3053 27.0257
31.6065 22.6524
28.0908 22.2114
45.0377 26.5069
10.744 11.6092
4.69832 44.116
27.6086 23.5481
16.5578 9.75677
44.3129 30.6833
28.9758 4.34431
15.1234 4.22834
1.27567 5.98621
12.4836 31.5729
32.1696 10.9607
45.3291 17.568
37.0968 7.92108
17.7389 14.8412
38.5769 13.1352
4.48317 3.41044
8.58791 49.559
45.0163 14.9388
27.0714 27.5811
32.4976 21.9199
45.6114 10.2527
49.3973 37.1258
20.3482 20.7709
26.2383 43.6171
3.20292 25.0877
25.0557 0.631733
5.44755 47.4166
24.1127 45.6694
22.7165 1.46184
5.45824 38.0718
35.4991 45.1933
21.8802 14.4292
24.189 41.9477
44.8042 1.10935
12.7354 35.7173
19.7256 4.22681
29.9875 23.3894
30.7184 22.3731
2.75277 31.7789
0.579852 2.40333
19.6875 32.2596
28.2006 33.6161
30.0165 0.805689
39.6878 0.604266
16.2053 6.25629
4.82345 40.1364
4.60982 34.6049
45.4314 22.3182
3.1785 32.1543
37.1746 1.42979
30.2622 25.3212
31.399 6.66219
23.6061 49.9115
48.5458 18.1234
43.585 47.6836
19.7043 48.4252
9.7232 13.0131
27.8878 25.1183
34.5958 47.4654
25.5608 44.3541
44.1389 5.08133
30.0073 41.0169
48.4634 36.2209
23.0964 45.6954
2.21259 12.7216
6.99942 23.7785
18.5278 42.2559
42.4284 16.982
25.6996 4.62508
20.954 32.6456
30.5506 17.861
47.9797 1.07578
27.6208 16.9195
37.8994 46.2951
18.2211 2.78176
48.0544 40.4508
28.4021 44.7768
2.99234 37.2585
39.9213 43.9467
35.6517 4.73647
23.2551 40.2524
46.9695 2.58644
36.7275 21.4454
10.5411 24.5064
30.81 16.4006
23.8395 0.761437
21.6697 30.7535
32.5846 31.3181
23.0018 7.61589
29.8288 44.8607
0.241096 21.2134
6.29749 3.9964
36.198 36.2423
3.57677 1.96997
22.1595 40.7559
46.6811 21.1844
13.5823 35.4137
7.58385 48.8556
14.3605 36.8755
26.2795 20.1163
28.7942 28.1701
40.9024 33.8633
45.2757 13.863
3.51268 11.6718
40.8002 12.7995
33.0836 45.0972
20.3192 46.2798
32.2428 1.65563
30.0363 4.43892
19.3716 34.8247
8.66726 48.6816
2.58339 18.3401
15.7872 32.934
47.1587 0.144963
1.24973 1.59459
12.9933 46.2554
4.81735 46.9298
13.6586 19.9011
0.0106815 33.7535
23.571 16.2221
21.2607 24.2286
34.8811 47.8469
38.4274 10.5579
40.643 1.65105
17.7419 38.3969
45.7991 12.0502
33.2484 28.8171
32.5755 21.073
17.7694 31.605
31.814 20.5786
17.5207 17.7175
26.8471 46.9298
39.3658 43.733
41.4396 23.3909
4.83718 46.0524
38.374 20.6168
49.9466 47.7294
30.2545 30.5124
34.8476 35.6945
29.0704 23.7724
2.45369 41.203
36.0927 36.4467
0.0122074 31.3257
48.674 5.80615
2.74819 44.2793
35.4915 0.843837
3.61644 26.4183
6.81936 17.7084
8.22932 3.7019
31.3837 35.4076
49.0234 45.4512
26.3543 2.06458
7.72423 3.18308
22.0481 47.0626
10.181 32.3923
27.9077 39.3674
32.6212 30.0073
1.30009 37.3699
33.3888 45.4268
45.7198 0.5356
49.2492 47.8759
39.9411 8.18659
20.2918 7.93023
24.6986 5.72222
32.5144 26.0186
48.4466 23.5908
42.1491 15.6987
48.7533 39.3384
20.7816 24.5415
20.9189 28.0267
35.3389 0.418104
0.352489 21.3477
2.00354 36.0225
10.2817 20.7389
28.1137 49.4034
1.3596 34.8125
31.1121 33.372
34.7255 36.4223
48.6129 31.5577
35.0871 9.66521
28.6401 23.928
15.3905 32.1421
14.1118 29.6152
49.6261 12.7705
10.6128 9.8117
45.3368 30.4987
1.54271 28.6096
42.4131 44.1939
49.6811 4.5259
39.7122 19.0374
49.2416 10.6006
26.0567 39.7504
17.4902 5.8092
17.2185 5.91906
39.9594 5.65661
25.399 29.7952
8.33613 24.7368
12.7979 31.8262
15.1189 49.0738
5.83972 4.25886
44.0306 21.0685
21.5796 38.1314
20.3299 44.8531
32.9096 33.9381
10.033 44.8576
24.0715 41.3129
32.1329 35.4305
13.0833 48.03
22.8507 34.2936
42.6115 13.6158
16.0222 27.6574
15.8605 17.9296
28.6493 19.8141
29.0597 19.9683
15.6896 25.016
27.076 47.2655
33.1523 34.4462
33.7458 11.1423
23.5466 16.1046
33.4742 18.1814
12.7674 30.4147
5.65966 23.1712
32.4671 19.3609
38.5281 43.8917
6.9689 1.98828
23.9036 33.0119
18.807 34.0434
9.51414 27.4499
41.9324 14.5924
10.3778 20.4596
6.65761 47.4441
5.82751 26.8075
35.4152 40.1425
23.7403 36.3124
13.3534 48.3856
38.554 26.0887
32.8913 48.6633
34.5882 26.783
26.2307 46.9298
11.2873 13.1367
24.9367 6.12659
31.9056 14.1667
10.6296 0.361644
42.2102 13.3
45.8541 28.5669
10.77 33.7519
49.1684 45.4237
17.3986 29.4733
3.56151 42.4177
41.2839 26.9829
12.2257 36.7733
25.4051 38.3847
40.7315 1.12613
18.775 40.8826
9.72472 41.728
23.075 43.1333
27.1554 7.99585
45.2467 33.7046
24.1218 41.2305
32.6121 31.9865
33.3949 45.294
42.0637 36.8572
24.6757 37.0815
19.9072 43.408
35.6578 9.59502
43.907 23.0598
12.9475 15.4134
4.10169 37.3547
1.92267 3.39518
23.9601 30.7642
49.5651 16.4159
48.413 22.8095
9.34172 32.9524
0.361644 44.8119
12.2242 10.3183
32.1986 41.5784
42.851 12.392
23.9006 33.3522
34.9544 29.6075
4.28327 8.32087
25.0679 24.0593
46.9527 41.0092
28.6172 7.50908
17.5253 6.84835
27.4194 35.1207
23.6869 38.2839
32.6762 22.718
44.6379 42.6557
12.5233 20.4108
41.5036 27.2347
48.1903 0.364696
25.2586 1.70598
7.82495 41.5464
33.7336 3.3784
2.08136 19.2541
44.2701 15.4866
10.4801 32.2581
23.5801 23.8594
42.6466 25.3319
41.3724 32.284
23.4779 40.0143
49.3179 31.8659
16.2969 1.41301
1.89825 44.7234
23.0399 23.8533
20.7327 37.2875
25.5867 43.17
28.8934 23.5649
7.23899 8.49788
6.82852 3.63475
18.4591 41.3373
46.4232 7.73644
25.8904 44.7035
4.75631 41.2076
8.75576 20.2078
34.1502 0.628681
41.6791 25.8522
40.0235 6.48976
27.9794 32.3527
43.1593 22.6295
22.5455 10.8173
47.9278 7.84173
8.2934 9.59197
43.0189 19.9088
15.3218 3.05643
36.2651 17.3894
46.7895 20.2322
0.106815 29.4702
0.605792 35.9645
29.2657 39.2026
0.982696 32.5343
37.1807 0.427259
28.9041 14.4734
42.7885 33.7046
15.5873 34.4401
24.1905 21.5522
38.0047 12.9109
40.7743 48.3352
30.5033 9.5584
0.361644 5.05844
1.61596 29.0933
22.9347 4.46486
20.0934 19.3808
27.5063 26.6442
9.25169 44.6806
43.6995 40.5667
13.6769 41.7631
24.5949 21.7765
27.3568 41.7814
12.4119 11.6138
47.2976 15.6499
33.5795 38.2336
41.6944 25.7988
24.7734 44.763
46.7208 42.056
16.4602 44.8973
30.9793 4.53505
25.5394 1.25126
41.7051 41.2854
33.6116 46.7833
21.7597 23.5466
2.4659 44.5753
11.4963 16.4144
3.34025 6.33717
24.5476 7.73339
11.5024 14.8915
11.5955 23.0155
42.7274 20.9754
1.20548 9.20743
33.2377 9.6881
31.7606 45.1338
39.6695 6.86361
13.5792 11.3804
10.596 20.7022
35.2672 27.5109
6.2273 38.9691
3.37535 39.3231
17.7847 27.0745
29.4153 14.069
13.1779 47.3388
3.30058 26.3619
10.4831 44.7691
17.2857 42.6328
5.84124 19.6432
29.4427 36.9335
7.29392 32.2367
30.755 45.9014
1.15055 9.96887
4.89669 45.6877
2.43385 2.33009
44.7401 8.68252
15.9719 3.84991
14.6596 22.8339
9.68657 40.4675
22.7195 31.37
26.6747 39.5657
41.757 25.75
37.5896 29.0414
43.4828 49.6597
9.94903 35.667
34.6187 46.8276
45.88 28.0908
9.14182 10.5335
14.8824 24.781
5.72527 17.571
33.195 12.212
34.3913 4.49232
16.2755 43.6384
11.4841 18.9642
6.01672 13.7196
17.0049 4.02081
49.2141 29.368
13.361 48.0529
28.8659 22.0664
39.61 8.31477
24.8848 22.0344
20.2612 40.8063
5.74358 39.5016
2.67953 44.2717
27.6543 23.4275
12.1723 1.21769
42.8312 42.9884
38.8043 23.6946
43.3821 12.1006
45.0331 36.6619
42.4329 2.36366
8.18659 6.79189
18.9932 14.6596
36.8786 49.4797
28.1762 4.76547
25.4082 21.8879
3.29905 33.3018
35.2138 34.8491
1.44963 35.2779
17.4352 41.409
19.068 29.6075
15.6545 34.872
29.107 13.8569
12.8742 14.0996
16.3442 14.5756
11.8015 48.9364
12.4012 38.493
12.4836 3.51268
7.01926 44.9156
26.3833 0.308237
37.1899 34.6232
40.9284 32.7219
30.6528 25.5837
23.6259 8.99686
5.37584 10.7944
29.7845 35.3114
1.53813 18.5736
2.90231 20.838
47.6043 20.5863
31.8094 12.5889
37.0327 7.9577
3.59966 42.8602
17.2048 30.7581
16.4342 47.0779
17.1163 21.1722
41.261 34.8796
15.392 45.6816
46.5331 22.2266
25.219 6.5569
24.9657 7.35496
47.7081 37.9894
36.4223 48.4008
20.2933 17.1468
5.96026 25.486
11.7115 35.5007
41.1283 45.1018
40.1257 0.708029
7.54875 19.5685
15.9383 14.3788
26.8853 29.4397
35.9142 46.0311
36.2148 1.59001
30.0821 48.5504
22.898 10.8707
38.0856 35.464
24.0089 38.0902
16.4449 15.3569
4.35194 42.1659
3.36924 3.70647
2.18513 29.2505
42.6359 7.48924
6.66372 26.6366
43.115 2.84738
6.08234 44.261
25.5104 1.13529
20.9967 31.6187
32.8578 23.6534
11.2522 12.9063
6.36769 30.398
21.015 8.18964
3.14951 23.1071
0.845363 23.4291
7.40226 17.9617
20.8899 17.1545
11.6214 8.1988
14.2445 26.6243
19.3899 12.006
14.5619 11.2629
46.3073 25.9621
26.9494 46.1959
20.6351 29.368
46.2447 23.6946
10.2084 9.76592
11.7023 45.3536
27.1737 4.95926
12.183 12.7796
37.1258 31.8537
30.8802 49.6658
24.2058 47.4258
43.6674 12.9795
38.7143 12.1281
10.1199 26.165
28.8034 1.06204
21.279 42.1079
32.8196 33.1965
43.2066 18.6972
33.8496 13.9836
20.4108 14.8122
3.03659 11.655
28.2006 39.5184
33.2316 12.5294
38.0184 12.3005
39.5337 25.6294
34.8277 17.1514
28.2922 31.9346
0.622578 8.31324
11.1225 48.5656
3.10373 0.491348
15.5187 3.23496
3.58592 1.35807
18.5827 39.2636
23.2261 19.1488
5.49486 46.4492
31.5973 3.17392
29.2245 38.1726
46.6979 0.0518815
23.0903 19.9667
10.4419 33.4712
42.7122 19.9271
28.7149 40.3073
38.9111 26.2368
40.0159 20.896
38.139 2.13782
1.80212 36.288
31.988 23.6671
8.56349 10.2695
2.33924 10.4297
30.6909 18.9993
33.7291 44.7935
38.2107 26.0521
39.4681 49.7284
48.4527 45.6709
3.10984 20.69
11.6977 42.0774
11.8091 31.8003
23.8823 47.6073
33.1263 11.6443
30.4086 7.52434
11.861 9.04416
10.1337 34.2982
38.4777 44.055
3.61034 29.1559
15.6438 14.5344
24.5994 3.75988
24.5201 3.60729
18.9764 9.77203
17.275 8.29798
10.0436 9.1464
37.4645 34.6858
44.3373 42.9624
44.789 29.8608
26.9845 31.5958
45.8144 46.0311
10.6815 14.0614
7.20847 7.03909
27.3309 9.32646
3.06406 22.6661
26.4306 7.39311
22.866 20.9738
9.26084 23.0018
41.6517 44.0489
22.9316 19.7317
28.9682 27.4209
3.35551 37.3226
48.1368 8.4933
31.2189 30.0378
22.4219 34.2921
39.9854 48.8754
19.6616 13.831
40.0281 25.4326
31.9056 35.4411
47.9354 40.2463
1.64342 44.3266
35.0459 33.4239
21.1829 0.704978
34.2952 40.3623
6.7156 13.834
19.4205 10.3824
23.6778 22.1961
45.5916 41.0947
14.922 15.2257
15.5232 36.2728
8.29493 16.831
10.1611 20.1132
5.16984 26.046
47.9522 15.6209
26.4916 35.1314
11.8015 19.9881
17.9159 20.423
7.7868 34.7484
40.5881 26.2535
44.6379 33.5368
49.1211 37.2433
48.1079 25.2464
33.3522 9.28678
49.2599 45.4283
25.4341 4.55184
10.7379 33.7031
48.8113 0.7828
30.1065 30.0394
10.651 20.2338
34.2692 47.6791
14.3193 48.5534
4.10169 5.54521
43.3988 38.9111
43.3012 27.9321
43.8887 21.7017
30.5338 44.2854
6.08539 15.1158
18.9627 46.9024
22.75 6.91702
22.1854 39.3506
25.0938 2.70394
0.665304 33.4239
23.1758 11.0126
37.7209 27.4422
2.2309 10.5197
19.1107 23.7159
1.55187 19.7134
5.3148 17.9785
27.4194 14.3025
10.5441 18.6041
26.7006 12.6957
27.5445 28.4326
22.6417 24.8604
12.2745 46.9924
39.4391 34.875
17.5085 25.9468
17.1361 12.479
39.4192 35.5937
43.4172 23.9494
16.2191 25.1793
3.84838 37.5896
42.9167 34.9101
27.1706 44.1816
41.2351 42.4039
27.1203 37.6751
48.7884 1.45116
17.4535 26.4458
16.5395 5.86261
1.63274 20.4428
28.6401 36.2224
13.805 14.51
33.6772 22.3716
12.6087 13.2344
1.42216 29.4336
4.3672 17.5817
44.1328 0.1648
47.2549 18.6911
16.4418 11.4933
12.9597 19.0878
32.9676 28.0053
7.45415 26.6671
17.6138 10.2298
27.3919 41.7249
23.7037 10.5243
3.71563 32.3923
38.9691 14.3605
9.04416 18.7368
14.452 9.83612
30.372 10.889
31.4188 43.2279
33.6818 21.4652
45.2971 43.3805
22.0099 47.6363
20.7556 22.7699
13.5243 43.1288
46.9314 38.0261
41.1878 25.4799
46.9161 17.7511
0.56917 38.8668
20.5344 40.4279
47.3632 17.7999
34.4844 20.2383
21.1631 22.0283
48.9105 33.6161
47.0962 37.9269
44.4548 44.322
41.8165 16.7135
38.8699 9.86358
25.4921 44.7981
7.23289 27.0974
16.277 16.5563
44.8561 49.7757
8.89767 4.87838
36.903 35.8959
13.8554 49.7681
23.838 7.64336
8.85037 10.3244
26.7235 31.7484
28.9834 0.422681
21.4377 3.05032
47.2671 3.39213
25.8965 39.1247
22.0481 36.0073
39.3124 18.7216
12.8864 7.11234
47.5707 21.9031
41.4487 41.1939
33.787 4.6205
48.9792 12.1891
8.09351 15.5995
26.928 7.88751
45.7411 38.3099
22.2785 20.1788
47.5341 15.8452
44.1389 31.5226
11.7359 41.5418
23.1819 42.8968
31.4219 23.1071
0.459304 13.5853
6.40431 3.11899
47.1969 8.07825
33.7687 43.6735
42.0759 20.4184
16.0787 7.99585
7.63115 21.3019
1.32298 46.8703
32.2825 48.2498
43.672 22.6218
29.5495 34.1472
49.0768 28.5485
11.0736 44.4868
44.8149 36.5505
24.9519 18.6056
37.0174 30.8039
35.9554 35.2519
45.2376 10.2863
49.234 47.7569
28.1472 17.954
4.00861 9.17692
39.4009 29.3954
38.8745 32.6685
27.7352 8.76797
5.22019 7.43583
20.3803 14.8412
30.3842 15.5675
3.82092 14.9373
7.04825 20.04
41.0001 39.6039
10.4968 19.2557
38.9843 35.8119
20.2429 38.3724
6.21052 1.51524
47.6241 2.77108
13.3335 9.36155
45.9166 13.9744
46.733 2.37434
4.532 23.3009
18.7857 19.4235
3.86212 23.5969
23.925 33.2911
32.313 4.34584
4.55947 9.15708
42.1323 40.4736
15.9276 16.2893
45.5565 10.1398
3.93536 0.785852
27.8466 11.8732
35.0444 2.15766
28.8034 26.307
42.2712 21.569
19.2724 42.8816
26.3695 24.5552
24.2515 46.7772
26.2474 36.0256
19.1382 36.4391
47.6775 10.3565
0.682089 16.9515
14.3849 34.4111
9.20896 39.6359
30.5506 46.26
3.67138 33.1187
18.8009 27.4514
16.1046 46.2493
22.7622 1.63121
37.0266 48.1155
38.2138 47.3128
8.36665 5.52538
11.916 7.61742
25.4814 33.2377
22.2007 4.82345
24.7887 37.2341
30.3217 42.4848
8.64742 46.4141
16.7104 2.96793
33.9747 2.93741
41.1267 23.2261
16.2069 6.61031
40.817 6.59047
25.164 33.549
5.70696 3.41655
24.3522 24.5033
44.7279 18.3905
30.3049 13.1046
32.2932 27.308
43.4904 39.3811
49.0417 11.1393
27.3721 18.8177
5.85345 40.1868
37.1792 12.3218
15.2577 16.158
24.9367 17.3574
49.234 4.96536
22.3334 25.5989
47.5341 18.0486
27.9855 17.391
15.5293 25.0526
0.657674 38.3465
25.692 5.66576
34.9971 28.3746
11.7267 23.4336
21.3538 48.4756
19.4754 29.3451
16.2526 25.5882
3.58287 28.0328
25.0572 10.8341
34.0632 14.3757
23.4153 21.4301
1.75787 13.3183
19.0344 11.6291
36.8175 30.7367
30.3461 42.9548
29.1971 48.146
33.6329 49.0814
15.2989 19.0634
5.17136 15.6514
19.7668 49.8627
9.96735 20.3436
16.5258 22.8813
13.6128 3.502
48.1338 44.6623
18.8772 14.6657
17.4734 27.0745
3.54625 5.25681
40.9009 34.1823
11.1103 12.8086
26.8426 2.62307
20.8304 6.97653
18.9871 18.3584
48.7747 42.7061
18.0548 7.56859
6.36921 40.82
21.2638 24.5262
18.0319 41.377
43.524 44.2518
24.4453 0.0839259
9.4348 42.7686
23.0445 23.0979
30.1523 22.7744
22.2739 10.5014
4.17035 17.5207
11.1682 3.80871
6.0976 30.7428
20.8365 7.76238
2.48726 45.4253
29.3985 31.7804
8.77407 9.23337
36.9427 21.3202
26.3894 29.4229
12.064 24.5262
24.1127 35.02
36.5551 14.4185
2.73598 39.1156
49.7818 11.9709
7.07114 9.05484
19.3564 30.3873
24.395 27.3629
39.6329 35.8623
33.3872 1.19175
34.5775 45.1796
42.6054 3.13273
16.628 5.42772
32.5877 1.16581
28.0541 26.162
40.6232 10.6052
16.393 9.30662
2.25227 25.8156
20.5573 47.1511
38.5983 14.5238
19.1153 33.6924
3.51421 32.5602
17.365 9.70183
29.7113 41.7951
24.7368 36.7641
37.8201 39.1308
49.0768 20.6534
47.5524 29.339
9.40275 29.339
4.93637 49.5437
43.6811 25.9117
14.7572 28.1976
13.1596 11.7939
42.2132 36.3262
29.8868 0.488296
22.8889 13.8798
8.89309 17.2277
45.0835 28.9941
21.6834 44.7966
43.5682 2.96487
2.52846 10.8707
18.8269 8.77712
34.17 37.1776
20.8579 25.956
14.4734 45.7579
11.5757 9.60112
30.6131 42.703
44.9019 6.37684
42.3185 24.6284
28.576 25.3044
0.781274 28.2083
6.79342 46.1318
4.77157 18.1066
27.6849 23.1254
20.5069 33.581
34.727 17.0919
16.8676 39.1064
46.144 13.4175
42.5062 49.3011
11.362 8.96634
46.4034 23.4947
8.57112 25.6386
18.453 0.227363
22.4693 33.3934
1.63121 17.0095
16.2343 40.5683
2.29957 35.6426
36.8099 34.2875
0.218207 18.4225
17.5451 28.7851
34.843 25.5348
17.2628 4.44807
19.4266 28.9514
9.82238 45.3978
9.54619 13.1428
13.2176 8.4109
27.5643 7.92566
22.3045 31.019
19.6158 23.7434
34.1975 11.5497
46.6826 34.7041
30.3995 18.9901
36.3079 29.6869
4.74563 15.421
46.5194 26.8288
1.19785 48.8662
18.5125 21.6926
0.564592 49.3728
19.6905 14.4505
20.2277 36.1248
3.56761 36.3811
15.8895 18.3935
38.1497 20.9861
49.4659 48.1643
29.3268 40.0678
12.1235 7.21763
40.8597 0.0350963
16.5883 36.5154
37.4874 18.8025
47.7248 40.669
2.76193 28.544
35.493 25.3227
8.14997 24.6544
39.3338 0.265511
34.9574 6.21357
8.03552 6.07013
25.6539 28.254
4.15662 47.0824
16.155 11.1744
7.05741 38.5632
25.6279 27.5842
33.6085 0.828578
5.36668 11.8961
40.6369 8.14234
23.3283 13.01
48.1796 25.2266
35.8592 35.3465
47.589 39.1751
23.2017 38.5846
33.5765 19.5929
40.3363 41.4106
24.2332 14.771
9.70183 49.5697
8.10877 16.7013
7.39616 3.55235
32.4015 2.76345
19.3686 16.2328
21.3172 36.8786
19.2221 45.7381
38.6868 37.9391
44.1404 23.896
33.8557 48.3566
20.5267 35.58
34.9605 10.5014
15.9246 19.2068
28.6218 33.8786
18.749 33.7733
40.1242 10.8188
22.4281 12.6865
3.14951 13.5456
15.4988 49.7436
33.1233 30.3797
4.21461 37.5256
43.234 23.9219
19.2511 3.57067
17.1957 19.0283
33.0363 14.6062
27.813 3.3784
39.2987 44.1481
15.392 48.4497
21.3889 23.809
15.1051 33.7107
10.9302 23.5969
47.322 31.8751
13.3518 31.5409
9.99176 37.9696
1.89825 27.9321
37.1654 0.0824
6.64388 24.5262
12.6484 34.5805
0.0976592 13.9744
2.93588 33.6055
5.94653 49.8505
48.4237 47.6836
32.5159 2.51778
26.9829 1.21769
7.48009 11.24
28.9789 23.7403
15.4286 27.7413
7.74865 4.66018
14.8137 21.6163
44.6669 4.38856
35.8486 42.8678
42.7824 29.6121
35.9462 11.8671
38.1695 5.53453
14.214 32.0902
42.9899 2.9191
11.6184 45.8983
9.37071 2.71157
48.3383 28.7225
28.1442 6.08081
24.8924 41.9172
1.49998 22.6814
38.6044 39.6252
3.64849 44.9583
41.9599 49.9725
18.5125 41.2824
44.4121 25.8614
18.5415 25.7653
34.2204 35.7448
23.7129 37.5317
21.8665 39.6146
4.74868 37.2875
31.605 20.5878
19.6524 3.97961
42.7335 17.3498
47.5982 39.3658
7.1337 27.8085
9.24863 13.3106
44.6287 29.2322
37.5729 7.61437
42.7519 35.2199
38.1817 41.1924
12.4607 34.788
3.32194 34.405
26.3848 33.9137
18.5125 45.3764
41.1328 44.8164
25.9239 36.0851
30.2713 43.3134
33.5765 1.05594
29.4839 39.5581
34.3791 16.4663
20.5252 32.458
24.1111 42.465
5.4857 43.1089
32.3801 36.5383
47.9629 47.5387
5.63982 10.7196
32.6868 4.08032
6.31733 40.4553
20.1636 45.6923
17.1102 7.93939
47.9064 32.519
14.5344 37.7544
4.79904 35.0368
0.764489 7.57927
30.1843 43.0616
7.83715 41.8378
14.2018 20.9616
13.2847 21.044
0.97354 4.35957
31.251 14.7008
21.1814 8.66878
18.1677 20.5359
5.58641 44.7401
7.02994 17.9022
6.0976 11.9617
9.36155 18.1524
25.8873 14.1118
48.9135 19.7943
35.1833 18.276
16.1519 1.24363
24.2409 2.14087
7.63268 8.99838
20.1071 9.9826
39.2834 24.015
18.7033 12.6591
47.6745 14.1362
8.80459 41.9172
18.3508 5.36515
39.4787 44.3266
5.27665 29.7967
7.53807 25.1671
30.4376 33.0103
16.5944 27.5491
27.7047 48.7732
34.225 17.1209
19.9835 23.8136
48.8723 17.6412
43.7391 0.529496
2.99997 17.748
9.9292 40.4004
4.09558 44.2381
15.4469 45.941
40.0464 22.1442
44.0962 14.0034
0.482192 16.9637
21.1875 28.2495
30.6528 29.3146
10.8158 23.571
19.3564 37.344
19.8645 30.3156
47.5463 7.21458
47.8195 31.109
49.1104 16.9637
46.44 38.0749
10.4526 14.0446
28.3639 23.2902
10.387 1.89062
38.6883 10.2695
26.928 25.782
28.6157 9.30204
12.5401 3.3372
45.2055 4.43587
14.4139 19.9713
26.2917 24.9519
41.3144 34.5714
14.6657 9.11435
3.57219 15.7674
30.5307 43.0158
27.7993 4.07575
16.335 32.3374
22.8477 20.2216
43.0341 39.8343
48.6251 14.9785
41.821 46.35
14.2872 30.8191
0.439467 18.1784
7.40074 20.6977
38.0825 38.5922
30.6146 44.2717
47.972 36.3384
47.4212 36.8725
21.691 18.92
13.5502 21.5522
44.3037 43.4812
45.5977 9.50957
24.337 33.0866
3.37993 9.19217
47.702 21.247
37.6675 39.4192
19.5853 32.461
29.7723 16.8096
33.4086 31.6111
24.6284 12.8544
30.8863 0.0167852
33.8557 0.9064
42.2727 20.9723
10.4404 38.4472
20.8319 32.5495
21.5339 4.9028
10.6296 30.5155
20.9723 40.3577
11.6642 29.1528
48.059 5.43077
31.4417 12.804
4.18561 7.69372
37.0327 35.9508
33.8466 14.8686
46.6735 4.64034
11.5955 0.180059
24.9977 47.0733
11.5513 40.1349
20.925 6.16169
10.9546 10.0604
12.299 11.8763
4.39009 47.7172
46.324 16.1916
30.2057 30.2713
39.8572 48.4298
35.7036 34.9773
28.6431 23.8426
32.6685 28.8522
29.5251 13.2267
19.7806 7.67541
4.69985 6.37226
23.4931 29.6121
42.1079 27.1844
33.9305 13.7715
40.9757 33.2759
37.3547 49.0402
16.6128 7.84478
21.8009 33.4529
13.5029 26.6457
7.39158 39.4711
40.7605 7.87072
27.9489 25.428
19.0039 27.7657
15.4103 38.5006
2.73904 9.76287
13.6631 29.4717
17.2658 19.9728
23.3222 24.6483
24.2195 26.838
4.02844 25.2022
4.77615 7.74712
35.8425 29.2734
24.6025 10.4556
16.2557 47.1328
19.6036 2.07373
44.4395 4.73342
16.5349 13.4968
19.2404 5.94806
27.5384 12.035
2.52235 48.8083
32.667 10.0894
24.3934 16.0573
39.4635 42.671
31.8918 35.3511
33.6528 21.5812
7.70287 29.3695
9.99786 49.0722
10.4343 1.21311
47.4166 48.7732
13.0619 25.341
17.3727 46.7391
41.0657 39.4055
39.6573 10.387
36.8374 7.26341
24.5689 28.1777
1.92572 48.5092
15.6056 37.8048
43.6811 4.80056
21.6941 35.757
27.8314 38.3419
3.03354 26.0292
13.6143 32.7799
49.6216 40.8048
22.9591 41.8744
16.509 40.9253
20.3375 6.22578
4.8677 28.9605
4.80209 33.3888
2.90841 32.6868
40.8078 11.6596
25.7332 41.7814
29.3588 2.89621
18.1707 5.56658
46.0524 34.6294
9.67284 24.5872
47.5784 36.8084
35.3069 43.8551
23.2398 43.4996
11.9388 30.5658
43.0601 4.82955
33.6543 44.1023
29.0124 29.4961
25.4631 31.1274
0.993378 3.14951
19.3915 3.59661
24.0364 2.98776
41.9813 32.4961
8.3636 3.8316
27.2897 15.096
38.8409 46.0341
44.4288 48.5763
35.3801 10.4968
3.72326 17.7938
20.8716 21.1631
30.5582 30.0378
48.1872 20.2246
20.9311 4.55489
12.8285 36.4223
17.8381 49.6841
2.79855 41.7203
22.512 35.3908
12.2211 16.6601
29.5755 44.0382
20.304 19.7348
0.19837 7.17643
12.1967 31.0663
12.299 11.2033
43.3027 15.7216
1.854 29.6472
23.6106 26.9631
34.3974 14.9663
23.6076 44.7554
20.7358 7.60063
28.341 19.8416
15.9932 45.143
41.1847 18.6911
15.9963 29.3939
13.8661 39.6527
40.0906 34.1792
4.35041 45.587
14.4505 11.6565
39.0835 33.3445
44.9416 30.0104
31.2204 35.3542
43.5774 0.274667
31.37 23.6564
47.6852 25.1564
12.3997 11.6886
45.7762 27.6162
14.9174 24.1478
49.2386 42.0743
4.93179 30.2194
23.8792 26.0033
20.2963 10.4999
20.4138 24.7597
7.48772 2.93283
17.9098 47.4441
25.2709 48.0468
19.3167 36.6024
16.8218 28.8324
13.0833 39.6039
26.8777 25.5608
39.967 14.478
15.4576 30.8512
29.0719 28.0404
44.7401 45.3047
42.1903 29.1162
40.6369 49.0204
40.5103 4.67086
5.64287 19.306
12.743 1.68004
34.5164 39.8831
28.7515 22.5059
9.34935 21.9108
7.7044 26.6427
25.6081 32.1512
14.8778 46.6185
25.6737 48.558
26.0994 0.8652
41.4823 38.6303
23.9555 11.3773
22.7989 30.8283
14.7862 8.96329
2.70547 24.3736
30.5475 33.9198
26.8517 7.73186
4.59304 14.9068
48.0422 31.106
35.464 33.8816
12.7155 3.24107
27.6971 9.86358
40.8902 7.87378
23.777 9.36918
26.1101 10.0925
16.2496 16.3106
6.98874 47.9797
4.0727 19.19
36.9015 29.809
32.2748 48.381
3.35704 32.1238
28.9651 21.3263
23.6808 19.0023
28.7896 28.4616
18.4881 27.8344
46.8505 17.6641
39.5825 41.908
42.1934 10.0558
3.79498 45.1262
34.9101 4.96689
9.34935 29.1711
15.8971 6.87277
36.3094 48.413
13.3793 32.107
7.6632 42.8907
5.20951 28.1869
12.624 24.6727
41.0504 13.535
18.7017 47.9049
13.4648 20.4352
24.0913 7.86462
42.0225 49.0143
26.9723 39.3323
9.41191 15.0716
13.2603 9.58892
13.7196 49.588
39.3735 26.3604
25.84 32.6701
11.5818 6.00452
16.1473 19.8187
38.5159 22.2816
39.4681 43.2691
8.34986 30.9885
42.3994 46.2523
17.2979 40.7895
32.0734 32.9768
0.897244 25.5547
20.4062 42.1506
44.7234 48.5107
32.8791 26.8303
26.0369 43.5163
45.9609 48.468
12.9658 23.7938
42.1796 17.8854
22.7622 13.3976
46.9604 41.0764
15.7002 21.7566
36.23 2.57118
26.1925 6.60115
28.9224 44.2442
7.6632 45.5702
3.37535 22.3014
42.7671 11.8244
1.74108 0.357067
45.4817 23.9921
11.4353 11.3086
6.68508 15.714
37.698 45.9044
9.73235 45.1643
6.33564 0.761437
17.6138 39.7916
10.7074 43.6949
8.27357 46.6506
41.995 29.1101
9.61943 33.6055
16.8432 21.3416
10.8097 11.7191
41.4457 8.68404
1.37028 24.1585
26.0811 15.9825
14.7114 21.894
39.2346 48.5504
27.5857 21.5598
15.3127 25.2617
42.0881 15.7277
5.04166 33.61
1.71667 30.9503
32.6029 14.5528
18.1036 3.85601
48.5702 9.95361
9.91241 20.6519
42.7 30.4392
30.5551 40.2783
5.67034 26.4641
36.1965 46.6002
3.78582 20.4337
20.6854 49.8962
5.74053 32.6563
18.9215 32.989
25.4967 8.96329
5.25529 12.3051
20.3375 32.7967
38.464 9.1998
8.1637 29.5907
29.8685 1.83721
43.0769 46.2416
36.169 2.9603
13.3366 13.4907
3.53252 33.845
0.750755 24.0394
14.539 39.7565
15.5354 34.1823
14.4902 17.2369
45.7335 21.7948
18.6956 48.4985
35.2535 8.49483
27.2805 13.2756
29.5816 28.7545
49.057 23.4321
3.22123 3.80718
11.063 0.614948
7.94855 3.16477
5.29038 42.3109
5.91754 1.51524
49.1913 46.5819
26.7006 13.8768
11.5101 40.8017
12.3142 16.7608
30.0256 34.7209
39.3002 38.197
22.721 43.1501
31.901 24.4087
19.01 48.5855
5.43992 15.978
12.5111 49.0982
3.92315 41.2732
11.9907 11.771
20.9357 9.98871
41.9996 27.044
17.9128 14.594
19.7852 34.2128
28.8415 22.5013
10.0314 13.4648
15.4271 16.7669
34.0007 14.7114
11.8442 18.1494
34.6232 18.5659
23.0659 46.3149
24.1111 49.7375
15.8971 3.02438
15.656 38.2092
16.7257 35.1115
15.7704 48.4573
5.09354 10.0345
28.8278 22.0664
17.1102 11.8702
0.386059 4.02692
47.8118 40.5011
0.836207 48.0438
16.4876 21.8604
25.9423 21.1417
34.0846 12.009
15.8391 2.93435
36.6955 2.88552
19.0603 49.8032
24.2439 12.5141
3.13425 19.3426
18.3996 17.513
38.3328 25.3777
28.7957 10.6891
6.11896 18.8437
41.6089 41.5479
8.87936 14.8762
19.5593 22.5272
32.4747 11.3941
27.4209 8.75881
38.1848 19.4983
22.045 34.1929
35.6197 1.00253
21.0379 11.861
13.1474 33.4132
39.0866 31.1289
27.398 47.6424
6.02588 9.73083
28.4173 8.80764
5.72527 33.3979
22.0298 35.406
49.8169 40.8963
45.9609 27.1706
25.3502 37.2921
11.3041 46.939
30.4651 43.2508
35.8776 26.8349
37.0678 13.1794
21.0273 44.084
44.6654 30.0394
48.4741 36.7611
14.3422 9.6118
48.7136 4.80209
47.0016 22.0801
17.5832 16.5807
44.8805 13.6708
32.5297 16.3472
20.4566 36.2438
45.1369 2.88552
41.757 17.571
1.49846 24.659
28.1716 30.1767
16.982 11.7679
35.8058 41.5098
6.93838 40.0479
46.4538 3.28074
49.9542 47.6028
49.2462 12.7735
35.1573 49.0951
29.0307 3.93689
20.1956 18.0929
0.566118 1.08341
1.39927 32.8196
2.56508 42.9868
22.7287 5.56047
40.6674 10.2039
25.0435 41.1023
43.4049 13.4495
12.2715 44.4762
20.2231 25.7881
36.0424 23.3329
35.5968 16.512
25.3151 5.25834
38.3374 19.48
12.624 15.3401
10.1367 43.7437
33.4361 34.3074
22.4097 9.27
0.234993 32.5434
15.4912 15.5766
27.871 0.291452
39.2788 26.0933
11.7328 19.3731
19.3411 26.0399
35.3359 46.6994
37.5988 36.6817
8.83663 4.93789
41.5967 43.7193
15.0975 0.607318
21.4728 22.6646
14.8152 14.9297
18.6514 18.9993
37.2967 37.7422
5.34074 15.9261
8.44142 39.7961
48.8968 47.5372
42.5077 3.74615
0.105289 40.199
49.1806 9.14487
19.4708 39.9792
32.5694 41.7417
30.5231 8.91598
33.636 22.4235
14.272 47.9507
42.6542 26.0979
33.8237 29.3237
33.2484 35.8165
3.2197 46.2737
44.583 2.48115
39.6084 12.8147
13.2405 5.41856
12.7522 21.4438
31.3974 34.1472
30.9748 41.5479
32.8059 36.6497
27.5918 16.3656
33.1858 4.46638
36.8984 41.2885
26.5648 39.9136
23.7541 31.3196
14.1469 25.7302
5.86718 10.5106
17.2506 42.5138
32.7982 31.1884
0.909452 4.17493
10.77 5.75732
9.66063 6.81936
37.344 8.94192
42.1125 11.2812
35.0185 33.2301
15.8452 4.68154
47.821 5.35752
49.2096 11.3056
39.9396 46.6491
11.5619 48.0926
10.4816 34.9986
18.5537 45.0789
13.3992 1.34892
23.9647 26.0964
46.6582 18.4362
34.7133 20.0308
49.6994 14.6397
0.547807 47.9659
23.2704 20.7373
5.03403 6.49892
10.6891 32.3954
9.34629 42.6023
4.58083 46.1776
25.4753 40.2478
18.1738 1.91351
20.3787 14.2094
35.2107 39.2254
27.665 31.2708
27.5262 1.01779
18.3431 4.20545
4.38093 41.7722
7.22984 28.8232
32.577 23.4077
46.559 9.38292
41.4426 6.59658
33.3598 42.7152
1.75024 20.2551
32.1696 6.32649
42.616 17.1056
39.6344 20.8457
45.4451 48.0651
42.5779 32.0765
29.0063 13.3
46.083 33.0012
14.6641 22.7653
23.1513 21.0425
35.8623 24.0059
12.5187 10.8814
30.9015 30.0745
16.1626 48.1674
33.0836 5.35142
23.0979 44.4014
47.2747 42.0896
10.9836 28.341
26.9723 35.4915
2.14393 34.2174
40.9024 40.141
25.5333 22.0664
43.2508 15.5828
11.2201 0.526444
36.5459 43.8963
18.9688 47.3724
41.3099 27.0196
27.4453 48.1079
11.4826 46.7116
35.6426 47.9736
9.72625 44.8958
3.06711 37.5973
31.6492 7.23289
30.2774 17.6901
43.0158 7.74102
6.28224 13.0375
19.013 47.2472
24.4331 31.1167
49.6323 43.5011
43.3073 35.6685
0.21363 5.77868
44.1878 30.5185
41.2442 1.74871
11.6916 23.9586
36.4422 49.4537
39.0896 19.0146
3.22428 42.1827
34.904 49.9023
34.5744 39.0896
32.3466 9.9826
46.4217 29.3283
28.135 41.5494
39.555 2.5483
2.27821 32.7235
40.1593 33.5383
45.3795 41.8043
8.02332 13.8478
45.0102 44.3739
26.4946 38.2015
7.74865 23.4581
13.213 28.4997
18.4118 48.0773
15.7338 3.23038
13.0512 10.4785
31.0633 25.1198
17.3009 17.3879
13.1794 34.785
26.5999 5.55437
7.61589 3.27616
29.8837 26.9478
27.1447 11.243
3.2899 23.8792
7.64641 37.5973
25.4524 39.3887
8.20948 15.4378
40.9238 33.1889
44.5433 38.1085
23.3299 48.4985
19.7302 23.1239
14.7679 0.0534074
41.4396 16.8508
43.0631 28.6401
39.5917 47.7096
43.3882 42.4223
23.6015 10.7212
35.873 40.4172
43.2218 41.232
35.7067 38.3999
42.0606 10.5823
47.3434 42.5764
17.8457 1.58696
19.3335 41.2976
28.489 46.6033
11.3727 10.1825
7.99738 36.0012
0.126652 0.912503
31.3395 29.8715
25.3685 9.03195
42.2697 30.7566
3.02438 41.0764
33.227 0.238044
6.68203 26.3115
41.3297 27.1752
44.1038 43.4355
49.5605 30.4254
30.3247 7.51213
7.17338 3.83923
33.9061 37.495
8.42311 36.3689
47.8896 49.6017
43.6354 15.0685
12.009 46.9069
11.713 43.8322
37.7636 0.424207
8.14081 35.6517
12.8452 42.0103
27.5185 11.2415
36.5673 14.3849
44.7249 11.8107
12.7705 48.6175
13.7501 8.80612
1.8479 14.3406
48.2757 18.4469
8.38649 13.0528
23.0323 3.85449
6.03046 9.78118
10.0528 22.5974
26.1116 23.4489
38.8256 2.44453
11.6077 21.2378
44.4456 3.17392
12.9994 37.2768
42.8175 47.2121
27.5857 10.9439
46.9726 26.9387
8.80917 15.1372
13.5517 21.4713
47.1831 19.7577
33.5444 30.7245
49.3301 10.8051
6.3097 9.56908
16.7699 10.3153
10.9745 9.91394
0.941496 17.513
14.2476 13.4877
36.0759 16.4525
28.7317 13.1748
26.4489 20.4886
10.7761 25.6905
39.6161 48.8678
11.951 43.4202
32.1375 5.75274
23.1925 8.22626
9.40275 7.03146
25.689 15.0487
46.1043 25.1503
37.5668 28.0877
18.8879 47.3601
20.4352 17.4154
27.8222 17.6366
34.8704 48.7991
8.14844 7.61589
8.86563 34.5592
8.96634 36.8297
8.36055 28.28
40.3455 37.5866
23.8548 21.1783
15.4775 34.785
12.2181 22.9438
39.4055 35.9874
7.73034 34.8613
20.8869 2.04474
41.4243 48.0422
8.97855 43.6293
32.7845 24.5552
30.8832 13.921
42.8892 44.2793
32.6289 42.8358
3.02286 25.2998
49.1394 33.0363
7.84783 0.648518
5.27207 13.1016
37.1883 9.20286
24.3721 18.1127
45.4863 33.552
45.8892 43.0128
33.0012 42.6633
28.6737 39.0149
37.8155 22.132
41.4487 48.4054
12.6804 49.8505
17.0736 48.0285
25.8187 49.8901
22.1213 46.7803
49.6933 32.4305
18.3645 7.41295
26.8303 2.52541
17.7145 37.9742
26.7663 45.5412
7.17185 23.1803
33.1599 22.0466
45.3719 41.0611
25.1457 30.0195
7.26646 35.1405
41.9874 17.1178
28.518 37.5286
45.0987 0.881985
26.1498 13.1825
16.4846 29.6594
47.0519 20.6854
7.67541 42.0453
20.8563 9.82543
28.2083 7.69982
18.7933 1.3245
37.7209 7.30308
45.0423 18.9947
30.7245 34.4874
12.1815 19.6463
28.1198 27.5597
27.2881 41.0718
14.4993 13.8218
40.2173 13.4053
35.3221 24.2958
30.6833 4.17341
43.0219 11.6733
35.6532 42.346
6.08539 29.3054
43.6384 41.7035
20.1971 4.02844
7.44804 18.8452
35.49 10.6662
1.95776 26.1254
38.9737 30.99
28.4616 44.8454
6.19678 4.96994
42.1644 9.01669
11.2217 7.1276
4.39009 5.00351
8.95108 5.79394
36.0576 17.3498
28.8812 38.0871
23.9738 16.1168
44.3495 8.43074
6.54469 6.03351
6.32649 43.4278
40.4309 32.7784
5.83056 10.8676
24.7139 16.7013
4.00861 35.7402
34.1639 9.29594
43.9573 21.0074
38.139 42.7488
33.343 5.98621
6.69576 17.8518
11.8961 20.1468
30.4666 0.624104
42.8266 15.1082
5.87176 22.9225
42.204 32.7067
12.2272 7.37327
35.435 41.8744
32.3023 11.9388
4.81124 2.20344
42.9075 14.4169
17.2536 36.9808
27.0531 32.2016
46.2966 23.4825
34.2677 47.5997
27.3537 33.4071
40.6018 34.0434
10.3809 31.1838
34.9223 3.47148
48.9288 13.0177
33.0226 20.2445
39.7031 44.4777
46.1455 1.83569
1.67699 29.4107
5.43687 1.69836
8.80764 18.0395
18.952 44.5311
15.4378 37.019
12.7094 9.32493
38.4198 49.2767
32.4183 30.4697
35.0673 26.4611
7.39006 12.2303
40.9406 41.7981
3.24107 26.9311
6.57674 16.1519
14.9083 42.1278
47.2091 25.1518
26.5725 47.1023
44.5173 0.140385
40.0281 23.9937
14.5146 30.7978
48.0804 33.8603
30.6024 2.22175
4.52437 12.9933
15.8513 24.3248
17.2704 49.8154
43.6033 36.285
16.155 37.6339
10.4205 43.9451
22.0603 23.6
20.4718 22.9118
18.8284 49.1791
45.3993 45.204
4.59609 2.40944
48.7335 12.2318
24.0699 27.3232
38.937 1.96234
8.32545 10.7852
40.1059 13.0268
23.7022 42.0972
44.4212 13.6341
6.31581 15.6606
35.3969 28.077
33.8038 22.0298
45.9853 18.6422
10.8234 47.644
40.6262 45.761
19.892 28.5714
35.2611 14.1621
14.1163 28.5638
44.4151 37.9131
3.3784 36.7489
19.3869 32.0887
10.5457 5.25224
16.6143 13.9256
49.2584 22.0862
10.2741 21.2683
49.8627 39.5901
38.1924 31.0953
35.0551 3.76293
45.1064 35.9737
21.7887 4.7853
12.3615 11.2232
1.02084 44.0367
38.0963 30.6269
21.8436 37.9299
6.96432 13.4754
31.5806 3.89111
13.4983 10.7837
48.4024 48.7671
28.1121 13.4754
18.0181 4.97452
19.8706 40.3546
31.0251 34.7484
25.0511 38.6639
2.43995 47.7386
25.5684 5.07675
40.0296 2.3133
26.3176 9.88952
2.94961 35.8684
45.5184 32.255
27.3003 44.4349
7.10013 39.2727
20.1102 6.93991
49.2126 16.7241
48.3718 24.3965
37.8887 34.2967
24.6284 19.3396
49.9771 3.07932
15.7353 15.8467
14.3452 8.16675
26.3039 45.4222
25.4707 24.1615
33.4254 49.0799
18.4423 46.411
24.2271 20.9265
19.454 45.7701
12.8239 13.5701
10.8478 29.7205
38.2229 0.640889
24.7826 17.6458
19.7424 16.7745
4.55336 13.0696
21.5384 20.3207
47.6775 30.7016
2.73598 49.1592
19.7562 11.0553
4.80209 14.8442
3.22428 30.4956
2.67342 5.49181
20.0003 39.4986
21.2119 42.6313
42.143 36.9518
43.5652 12.389
29.5495 13.3
12.9765 16.3076
8.7756 20.3482
4.6205 12.093
32.0231 0.541704
19.0161 39.6207
30.3659 33.5322
23.5817 2.51473
0.282296 32.8364
43.907 0.596637
37.553 0.405896
31.2845 33.5307
7.56401 21.9291
8.07672 20.9647
16.1336 10.6494
17.4825 9.50804
19.8538 32.551
29.2505 11.8122
40.0723 20.6931
27.9183 48.1094
19.5288 11.5177
35.139 35.5022
35.7524 10.95
42.6405 45.3169
10.2344 23.0842
7.39616 23.8365
27.4895 49.292
35.577 46.7299
3.02286 40.5438
6.80715 2.47353
14.2933 10.77
15.3523 25.1061
33.7306 44.0794
29.7311 21.5903
27.8619 3.60424
47.3632 14.1408
11.6138 24.868
45.8007 42.7915
21.8528 1.39317
7.09098 48.5199
49.2309 45.4329
16.8676 32.2779
42.3856 31.6034
14.6825 10.1901
23.574 6.23798
47.1999 10.2649
29.7967 20.2872
0.758385 30.9214
18.4561 18.5476
14.9174 6.6393
1.65105 43.0708
3.49284 1.0712
48.1353 33.5261
34.7011 22.8767
17.0034 32.3664
46.9298 34.6477
12.2059 27.5811
1.72582 0.201422
21.8986 40.8597
0.550859 40.5774
31.7316 43.9802
16.863 44.0107
26.1315 11.2323
20.1025 0.256355
16.6189 40.6903
43.1272 4.52284
11.2568 2.13782
19.6631 1.34281
14.2598 44.4838
43.3592 13.712
19.8492 20.4321
24.958 27.7841
39.4101 11.2888
49.1913 28.4509
26.0033 9.64232
7.93786 6.11133
35.3206 42.7946
11.2217 29.9402
37.0998 44.7035
2.5956 7.98059
16.1245 9.29441
30.4804 29.3649
26.8075 32.9234
2.03406 8.96329
40.4706 28.8003
21.102 29.812
49.3469 21.2195
36.7946 3.57677
16.3961 2.37892
4.29243 44.4304
34.9864 9.59502
34.4157 26.5831
37.4752 5.76647
33.5108 20.8518
16.8157 20.8563
10.2603 30.5216
0.186163 37.2173
0.917081 21.8482
38.7463 26.5954
39.5886 19.4998
2.55745 21.5934
25.0725 12.2501
44.7645 29.4198
10.8707 39.2376
24.041 20.7358
19.8782 2.10578
49.4446 1.42216
10.3656 23.3436
36.6482 0.0518815
44.7768 46.1043
39.7061 28.9132
37.933 45.8693
47.3357 1.37181
36.1904 49.2248
7.82495 13.393
4.10932 30.0851
21.6315 22.0481
20.2231 28.6676
15.685 28.782
8.42769 13.5334
38.5266 0.308237
6.60268 32.0093
40.2875 34.8933
48.9853 19.3014
26.6015 6.86209
13.8783 11.6138
0.508133 47.1603
13.2633 33.5734
31.4081 42.7396
25.8599 5.30259
15.1143 12.6179
0.202948 39.4131
14.1072 43.4065
29.3191 23.2673
42.0072 42.1247
23.5221 6.80105
31.3501 39.1079
32.9371 41.232
48.7396 48.8372
46.2828 38.937
46.408 21.4713
17.4886 49.8672
14.275 42.9426
46.7132 24.7551
21.5583 16.361
17.3009 10.4572
11.9892 32.6304
15.2837 47.7386
41.7173 12.9765
32.9402 16.8111
23.9341 31.3211
33.021 0.93997
19.3197 49.205
25.1595 13.4266
36.3369 21.1463
31.077 8.2812
30.4559 3.2197
40.0937 19.9072
16.3686 22.6661
31.5546 2.08899
32.252 41.3434
15.7033 11.623
20.1453 20.8518
19.5761 6.8804
11.504 22.129
19.4769 6.62557
31.988 47.3159
46.6033 29.4061
14.5573 6.73391
17.3666 8.81375
34.9269 18.778
15.0029 4.94095
8.44447 25.5089
23.9891 7.34428
12.4653 31.8049
43.8765 49.8184
23.2673 0.846889
34.0693 32.3008
31.5851 13.773
16.1229 20.2216
25.8232 26.2947
35.1344 16.6021
6.99942 30.108
6.7629 27.224
24.4972 1.8952
1.46489 14.1713
46.672 47.7508
42.5077 8.0752
5.38804 25.8003
19.2862 24.3477
28.5562 4.89059
42.5764 3.74462
49.6948 42.1064
43.2081 22.5501
8.62606 36.9427
40.7743 42.7061
32.3466 44.969
33.9274 47.1923
10.1169 8.76339
38.8058 30.9763
1.88604 38.9508
27.1752 42.8434
44.0413 3.14341
40.846 48.41
41.6105 5.61998
33.9061 9.64995
10.9394 15.5217
19.3655 1.23295
11.9358 26.4092
21.7444 8.9938
33.8984 4.96841
12.1937 30.8374
24.0501 11.7069
27.6833 25.4067
22.7973 1.40843
0.846889 28.8095
44.7844 36.2178
2.02643 34.7331
19.8233 19.1
20.0919 8.23237
32.7464 30.5582
33.5856 28.547
26.2322 26.3573
48.7686 31.2159
5.70544 29.1116
6.12049 44.821
10.3412 21.5308
31.8613 42.6878
39.2315 24.131
36.0469 4.82345
46.8078 15.2364
33.8206 10.4343
46.5606 26.0842
41.3648 6.30665
37.1181 18.8253
23.1269 21.3919
39.7473 30.2637
41.8699 22.8965
11.3559 39.1156
38.1207 34.1777
22.0344 39.6313
40.585 9.77508
11.2125 29.3634
34.0648 37.8857
11.4933 43.9222
36.4681 15.5843
4.23139 46.498
11.4643 17.1239
45.9014 4.99893
18.3462 0.595111
29.3313 14.5894
25.6478 23.3024
18.8757 48.4512
40.1196 11.1194
23.5542 44.583
27.5719 2.17597
47.2625 11.4429
27.1996 10.1718
30.076 10.2649
35.905 27.6269
19.7562 46.8246
14.214 14.3895
37.466 30.5063
40.3394 41.7112
26.8014 33.4712
13.9393 37.1929
0.189215 7.71966
36.1629 0.938444
21.7063 42.8953
17.5069 38.1985
40.3775 22.602
40.0845 28.8263
13.0375 12.093
25.8415 28.8827
30.8145 35.0993
37.2982 24.6681
38.2519 22.6463
12.363 34.5042
9.21659 41.641
9.80712 28.5928
18.5705 36.0744
16.9271 12.2517
23.7297 38.6135
45.9929 42.8404
45.1277 35.4366
21.0166 25.6767
9.68505 42.0866
31.431 9.30357
46.3317 23.1819
4.19782 25.3441
47.6165 13.7883
20.9723 43.3271
36.5215 25.2556
31.8094 35.7524
2.50252 43.3409
42.053 23.7281
45.8327 1.44047
23.9021 48.4909
44.2961 36.7229
29.2688 39.1034
31.3349 11.9724
5.44755 21.6666
49.6597 11.0019
40.1975 40.3531
19.4189 40.379
37.7712 35.5556
34.9879 45.323
2.46437 49.4858
29.4229 22.5852
31.2525 4.52284
20.6595 38.11
42.0667 24.6406
28.518 32.2733
39.2743 45.1888
26.5511 20.5649
42.9411 31.3913
17.8442 22.4693
33.4086 0.833155
48.7854 26.3878
37.785 20.275
49.8901 23.4107
9.86969 22.0756
17.745 17.7465
30.1279 10.5853
27.1218 46.6323
27.2103 3.77056
37.3318 17.51
47.6547 30.4132
31.8751 45.3291
25.2586 28.1884
5.46892 47.7248
26.7632 12.9307
37.4813 30.9534
25.3212 14.4154
15.865 24.337
28.4021 48.9364
0.646992 46.0692
11.6245 24.0303
41.0184 8.17438
35.1283 45.6374
35.1024 43.4492
44.0123 23.0094
46.4751 12.1708
29.4321 41.6944
16.4632 21.4286
1.8891 49.8947
36.3338 14.8412
3.30821 28.5104
18.3782 15.5095
9.42106 40.2051
30.0134 30.0089
49.0753 27.7642
29.9081 46.2096
41.9706 7.10318
20.249 32.783
31.4402 25.2052
4.15662 23.159
13.7974 28.3135
12.3585 41.7844
40.8322 10.6922
38.1542 5.46129
47.0122 39.2727
44.7447 7.622
27.9595 24.4774
33.99 18.2928
21.7566 32.5587
40.6552 7.62352
19.6371 9.74914
41.2 25.7469
7.65709 13.5456
41.1924 46.8047
15.8544 21.424
30.3903 9.9414
26.5221 12.3218
19.5669 15.0975
18.0975 41.1801
48.1307 6.37379
46.2813 1.854
26.6106 0.834681
38.9142 48.7472
3.07627 45.5153
6.18458 22.3991
17.5298 10.4663
42.7427 49.4476
33.3613 0.660726
23.249 12.1662
9.91241 44.5402
17.9739 7.98669
5.22172 42.0453
29.9493 44.2412
22.9957 29.931
30.2805 38.4915
42.8907 47.177
43.1669 19.7333
48.1582 8.31019
7.17643 0.790429
39.7122 17.449
14.3803 17.2094
0.686666 30.8832
3.84686 2.96945
0.544755 0.993378
11.1225 48.3413
2.79244 9.3524
0.212104 10.1489
15.3829 21.7734
29.6594 19.8294
47.8515 23.1574
29.252 9.52178
14.2399 14.9403
38.9492 1.56102
45.9181 32.9417
36.5734 31.6507
3.28379 18.4378
5.82751 1.03305
0.492874 0.28077
21.2287 27.9992
32.2199 20.8487
1.46336 44.0046
16.5227 13.6662
7.79748 4.73037
42.9182 15.4973
39.0439 11.4154
39.6527 20.7205
49.6918 12.7338
49.3057 10.802
42.7259 32.5587
26.7434 16.6829
13.7318 43.9238
48.4939 46.881
47.8256 34.4798
47.6257 39.1339
45.9731 33.7748
13.1581 18.392
32.2748 47.6547
18.1066 18.9657
18.7674 20.1117
15.1799 3.64849
29.3054 17.8899
14.2338 37.6217
9.08841 8.14692
30.5185 49.9603
21.3996 24.5018
17.7908 40.5545
8.09961 41.7737
25.3517 15.2394
15.4805 4.71969
43.0692 6.97195
11.977 31.0984
23.455 15.8528
49.3683 34.3516
44.8637 25.8034
43.9756 36.2377
4.83871 30.723
29.461 14.7023
7.73797 27.9229
7.7517 7.34733
35.6258 11.6733
49.6918 15.7353
16.5365 24.6361
21.9382 30.9259
29.1833 0.0412
41.7188 25.4845
8.12555 2.3957
35.9554 32.3374
38.5128 49.5239
6.36769 5.72222
4.41908 23.7892
27.0867 34.6126
29.8776 5.27512
26.3375 3.86975
26.6274 34.756
28.7988 23.4809
37.6858 39.2651
10.1337 21.1646
40.7651 28.0694
40.3165 18.6666
0.624104 41.876
17.2704 37.0724
34.4111 13.0604
17.4276 1.41758
29.0445 19.7577
14.7145 39.9503
24.7185 41.5983
44.5753 48.3077
3.5844 49.9283
14.5787 13.9653
47.6669 40.3088
38.1588 21.2577
5.06912 40.1196
43.0723 32.255
28.573 49.0616
31.1151 13.8478
25.6264 45.3917
40.6873 6.33717
33.8511 15.688
38.7341 3.83312
11.0782 40.9711
43.6567 41.7859
4.01318 46.9665
5.7329 11.951
34.5714 1.3596
46.6369 0.129704
17.9403 15.833
34.5744 16.95
1.46336 35.6868
46.6597 17.0354
38.374 24.8802
45.0331 26.8807
35.4518 29.3023
18.3264 26.7022
38.6837 26.0643
15.0212 6.63472
45.9563 41.644
20.2567 42.5382
10.8737 46.6933
2.66274 11.7405
26.7541 10.3183
32.7769 44.0672
4.84329 21.6453
49.6002 28.3914
35.8638 11.4734
26.867 20.1025
48.8891 31.8552
15.5766 19.7409
6.67287 26.3863
14.362 18.1494
1.45878 49.0326
44.2534 28.4402
40.3302 14.3147
29.3924 0.0793481
34.1777 36.6405
10.2771 35.432
29.3634 41.6105
41.0779 4.0376
46.086 7.12149
47.6058 24.9794
12.5767 17.0568
47.4776 12.6057
9.1525 35.3816
9.06857 5.96484
11.1789 33.4788
0.778222 27.2256
45.0453 28.5028
7.20084 39.4269
46.1653 15.5919
13.7501 48.851
33.1172 1.73193
36.3048 22.3411
36.9427 24.105
47.4334 14.8686
49.6826 10.7028
25.7683 27.6727
31.2281 16.068
30.0836 42.2681
38.5174 39.9136
24.6406 0.654622
16.1702 11.4811
7.37175 27.0363
12.6133 47.4471
17.452 11.333
10.7379 16.1382
23.8319 49.8474
37.196 15.9566
21.2836 13.3518
39.3475 0.732444
35.5434 37.9528
43.9711 9.89105
14.0828 8.9938
36.7489 36.2087
4.09101 33.3628
26.6396 38.9676
44.2396 20.4718
34.1578 35.3603
21.7536 17.2536
17.655 27.8954
21.4072 17.4642
26.6411 0.685141
17.9479 40.6293
46.231 42.3627
38.5678 0.9064
21.7475 28.4906
46.9268 11.2369
27.5918 21.2531
25.3533 43.028
19.3854 19.2358
6.72323 36.7382
33.4941 15.1265
32.6243 33.6421
22.9667 44.1374
39.3475 24.1096
43.9726 30.9488
48.2757 32.6884
31.7774 18.0242
12.2257 35.3221
30.3507 33.0622
44.319 29.0139
14.6229 28.4356
30.9107 49.2401
19.5059 0.412
5.19883 5.42009
14.6992 20.9723
33.0088 29.7952
39.3658 40.0342
37.3638 9.95209
35.7326 40.904
13.3824 0.399792
45.6755 6.7629
10.0803 33.4284
9.36155 31.0068
30.6055 24.6101
29.9997 29.2276
27.517 43.2402
43.7681 35.6853
44.6379 43.0341
8.9816 42.0621
32.049 23.3833
3.55998 11.3056
35.7921 16.5014
44.8546 24.3934
38.8409 20.7526
20.9067 42.8083
4.91195 25.4845
47.1954 44.5616
1.66021 47.6806
37.9208 16.5517
4.83108 25.7439
5.92975 11.0981
9.94903 40.7178
30.2881 49.4247
3.05948 10.2588
5.60167 29.9539
17.1453 25.6859
12.1525 24.1829
25.7302 27.3904
20.8686 17.9739
0.253304 38.9569
22.251 31.0663
32.7952 5.2797
43.2661 22.6249
0.662252 4.99283
41.2961 15.6377
24.4728 32.5327
39.2102 47.972
46.2203 20.1407
40.6018 32.8959
28.9438 45.1216
39.2636 36.9015
4.54421 42.6649
11.9724 7.61284
21.2912 19.5486
8.63369 9.6057
17.6092 39.0378
28.8415 0.952178
23.7007 22.2709
48.9425 8.30103
17.5497 36.4849
38.6395 33.3064
36.903 15.3508
31.2189 48.2116
23.7419 31.7652
36.4391 13.4068
2.86721 18.3798
10.1703 24.7841
21.1142 6.21357
19.8309 23.6702
48.7609 26.635
19.6844 27.1828
19.7302 47.0351
25.0633 11.8046
12.1158 35.5037
49.5865 7.9989
45.5977 24.8329
44.4182 38.6608
47.3083 21.1341
3.64696 9.23795
12.7415 27.4087
24.8436 32.3267
13.2237 27.3629
38.8455 44.5418
26.5328 49.7971
47.8484 48.4893
42.2285 8.86563
35.8684 37.6598
18.247 40.5484
40.6171 37.0266
40.3394 30.5856
0.872829 17.1896
10.8875 4.2787
18.4057 14.8671
18.6895 23.3833
48.5015 17.5436
16.2618 10.4556
8.17286 45.0896
6.21509 45.9609
16.1199 36.1736
13.2954 8.43074
3.45775 22.2663
43.6033 3.02133
9.34477 47.055
7.60521 48.7396
0.514237 14.0782
8.47804 19.686
28.7957 20.4077
22.3212 10.625
15.6987 9.15708
21.8619 22.1549
28.0969 48.6755
20.1514 35.847
34.0953 21.1875
35.8592 24.6223
3.1373 28.7484
6.70492 18.7048
39.407 49.266
2.60323 22.4418
12.5904 0.448622
15.067 2.33161
25.0816 44.4884
24.456 41.5403
29.6518 41.2473
21.6117 31.2372
36.6955 32.8196
35.4503 44.0764
25.0633 17.2414
43.0769 10.0909
45.5916 44.1801
13.9805 40.3668
31.3608 40.3928
14.8808 18.7628
3.75378 47.8057
26.7617 7.03452
38.3892 31.9849
0.698874 33.6177
29.9539 43.8429
4.00861 11.4399
20.0568 42.3673
33.2804 5.04471
27.1126 11.2079
45.8907 42.3322
42.3429 26.9219
36.5139 41.2564
30.9534 11.684
10.2252 46.765
2.55287 28.2952
28.753 48.3169
39.874 0.271615
31.4234 23.2658
49.8383 14.8671
7.38853 26.4443
26.0811 41.7936
20.6824 21.247
36.935 25.4906
14.6657 22.5379
27.9778 33.7428
47.4364 46.672
3.18766 20.4505
34.7514 38.9721
23.7877 35.3847
2.04321 23.9586
38.8028 38.7097
22.0618 48.6373
36.4467 3.11594
39.7427 14.1652
30.3491 11.3666
10.828 16.2236
19.7272 32.0551
5.83667 39.3811
37.5271 31.399
5.91449 25.7683
25.631 3.89721
42.1476 13.4022
1.16886 29.6274
4.89364 14.4337
3.01218 41.026
24.7032 28.6508
32.5007 6.94906
1.3657 12.5568
27.4697 16.8447
32.6899 49.3255
33.6451 22.8111
19.5273 39.9335
12.4653 22.4006
48.6465 10.8219
49.3851 39.9411
29.989 8.35292
1.72582 39.2178
39.9014 25.4036
0.163274 25.3136
46.8551 30.3995
42.8617 18.4118
21.2806 44.1054
46.3576 7.39311
6.03046 34.4768
42.2529 16.0329
49.0478 24.9001
33.7611 39.5962
24.8054 36.108
1.18259 34.6706
46.0921 7.11692
20.3681 20.0217
42.6649 15.4698
33.2286 21.3065
8.38496 42.1079
34.3654 17.4337
43.3607 1.18412
12.8742 21.4148
42.671 30.1447
13.39 3.48064
8.23695 10.3519
5.41704 39.3139
35.4091 13.6067
25.0465 41.1756
0.798059 44.85
28.0816 4.76394
2.97403 26.3771
18.6575 29.6167
32.5266 43.8612
42.4146 45.8312
23.0995 49.5132
8.27357 4.97604
9.95056 42.674
27.9092 17.9678
47.5738 23.1635
36.9335 47.7157
12.978 37.7087
36.8969 39.3872
46.1806 14.7267
22.161 46.0662
4.4496 7.82037
30.6711 32.6487
31.9025 43.2676
32.7418 15.7567
20.9723 41.8287
46.8764 22.5166
17.3589 10.1825
46.7132 25.988
44.9797 22.3075
48.1353 40.0632
2.5071 36.111
40.6308 31.6614
8.05841 15.627
1.93945 33.0103
43.5835 4.10016
10.0772 11.8503
25.5196 18.2455
41.7783 32.345
3.29752 9.02432
21.4179 14.539
12.215 9.23643
9.51414 25.1595
32.2871 13.2374
44.8057 7.5808
29.6091 9.09452
29.0307 33.7596
31.7988 8.50093
18.4408 35.9447
14.095 44.7584
11.1026 1.00864
47.647 34.135
44.084 35.1726
36.578 20.9113
39.5367 31.9452
45.3978 1.442
13.8035 1.12003
43.2798 47.5173
38.5464 41.612
16.8218 24.3675
17.9968 15.9322
27.8161 23.603
21.3904 9.17386
17.5909 6.41041
34.6339 30.2561
34.521 27.3095
20.2597 38.2687
36.2163 33.7962
49.7757 1.73498
43.0082 12.1708
47.3998 23.5969
44.2473 24.8787
9.3234 39.7259
34.0007 9.65606
37.4981 23.7892
27.7154 35.8165
2.04016 6.27461
36.3918 37.965
21.3218 40.4935
49.8383 22.4784
23.7907 23.3497
5.57421 17.0522
30.5933 3.73394
44.9492 8.61232
23.0628 36.3094
33.0058 39.9335
34.1273 13.5166
43.7056 10.2542
27.7184 33.636
37.0266 0.210578
5.21104 37.672
29.5297 16.3991
3.00302 22.9118
34.9376 25.8736
20.2414 15.9566
26.3024 25.9087
40.8093 13.0375
46.3149 19.3228
38.6013 20.4184
17.3116 40.6781
30.1706 2.72225
27.5781 3.67595
13.7959 21.9794
45.4466 15.0533
9.035 25.1976
37.8216 25.2968
35.8394 13.3
44.6394 11.4872
47.2671 49.2019
35.8684 12.5843
4.87991 37.8765
2.56508 12.4622
10.8936 36.2011
8.60622 41.0169
36.0912 25.3929
4.58998 38.6486
7.63421 3.86975
30.5475 4.43434
45.793 33.3232
8.95566 23.3192
13.6433 45.8205
4.6556 42.5901
18.8467 44.7798
3.23344 43.0174
31.5195 7.57012
