1	1.26204
11	1.65359
21	1.89623
31	1.97771
41	1.99583
51	2.14445
61	2.42248
71	2.77411
81	2.91441
91	2.96797
101	2.99268
111	3.14667
121	3.33043
131	3.60425
141	3.82632
151	3.92641
161	3.97581
171	4.01168
181	4.08873
191	4.28497
201	4.48849
211	4.66553
221	4.84308
231	4.93032
241	4.98232
251	5.06159
261	5.20415
271	5.37657
281	5.60401
291	5.74729
301	5.82413
311	5.88876
321	5.97157
331	6.09661
341	6.23715
351	6.35355
361	6.45711
371	6.62301
381	6.73999
391	6.83369
401	6.97648
411	7.08673
421	7.1878
431	7.34303
441	7.45128
451	7.5634
461	7.72012
471	7.80031
481	7.87475
491	8.00408
501	8.13636
511	8.25892
521	8.38531
531	8.48503
541	8.58892
551	8.7786
561	8.87888
571	8.99348
581	9.09809
591	9.21081
601	9.32856
611	9.45121
621	9.53109
631	9.59009
641	9.66447
651	9.77649
661	9.89404
671	10.0371
681	10.1549
691	10.3062
701	10.3945
711	10.4969
721	10.5786
731	10.6963
741	10.7955
751	10.9301
761	11.0644
771	11.1906
781	11.3214
791	11.4252
801	11.5597
811	11.67
821	11.7619
831	11.8601
841	11.95
851	12.0192
861	12.1132
871	12.2954
881	12.4205
891	12.5369
901	12.6352
911	12.7575
921	12.8312
931	12.9609
941	13.0686
951	13.1851
961	13.2992
971	13.4307
981	13.5146
991	13.612
1001	13.676
1011	13.739
1021	13.8522
1031	13.9924
1041	14.1291
1051	14.2695
1061	14.4309
1071	14.5363
1081	14.6224
1091	14.6694
1101	14.7426
1111	14.8378
1121	14.9764
1131	15.0733
1141	15.2216
1151	15.3195
1161	15.3995
1171	15.4816
1181	15.5818
1191	15.7028
1201	15.7994
1211	15.9153
1221	15.997
1231	16.0814
1241	16.1517
1251	16.2449
1261	16.3749
1271	16.5176
1281	16.6159
1291	16.7185
1301	16.821
1311	16.8964
1321	16.9621
1331	17.0341
1341	17.1223
1351	17.2173
1361	17.3313
1371	17.4809
1381	17.5715
1391	17.6475
1401	17.7046
1411	17.7748
1421	17.8716
1431	17.9957
1441	18.1105
1451	18.1815
1461	18.2588
1471	18.3601
1481	18.4525
1491	18.529
1501	18.604
1511	18.7119
1521	18.8293
1531	18.9257
1541	19.0083
1551	19.0936
1561	19.2031
1571	19.2889
1581	19.3559
1591	19.4118
1601	19.4916
1611	19.618
1621	19.713
1631	19.8324
1641	19.931
1651	20.0097
1661	20.0713
1671	20.1311
1681	20.21
1691	20.2969
1701	20.3677
1711	20.4514
1721	20.5364
1731	20.601
1741	20.6556
1751	20.7429
1761	20.8398
1771	20.9285
1781	21.0778
1791	21.1742
1801	21.2413
1811	21.2703
1821	21.2941
1831	21.3125
1841	21.3497
1851	21.3896
1861	21.4783
1871	21.5613
1881	21.6741
1891	21.7676
1901	21.8585
1911	21.974
1921	22.0756
1931	22.167
1941	22.2725
1951	22.3362
1961	22.3773
1971	22.4175
1981	22.4936
1991	22.5779
2001	22.6516
2011	22.7372
2021	22.8175
2031	22.9398
2041	23.0499
2051	23.1397
2061	23.2163
2071	23.2736
2081	23.3383
2091	23.4218
2101	23.5054
2111	23.5879
2121	23.6726
2131	23.752
2141	23.8393
2151	23.9132
2161	23.9774
2171	24.0129
2181	24.0828
2191	24.163
2201	24.2523
2211	24.343
2221	24.4171
2231	24.5093
2241	24.5921
2251	24.6523
2261	24.7019
2271	24.7804
2281	24.8443
2291	24.9271
2301	25.0063
2311	25.0962
2321	25.1621
2331	25.2648
2341	25.3692
2351	25.4419
2361	25.4931
2371	25.5272
2381	25.5569
2391	25.6027
2401	25.6779
2411	25.7403
2421	25.7937
2431	25.8261
2441	25.8539
2451	25.8947
2461	25.9308
2471	25.9979
2481	26.0774
2491	26.1399
2501	26.2127
2511	26.28
2521	26.3495
2531	26.4223
2541	26.49
2551	26.5376
2561	26.5851
2571	26.6497
2581	26.7047
2591	26.7671
2601	26.8278
2611	26.8774
2621	26.9247
2631	26.959
2641	27.0213
2651	27.1018
2661	27.1907
2671	27.2554
2681	27.3121
2691	27.3535
2701	27.3889
2711	27.4727
2721	27.5214
2731	27.5598
2741	27.6152
2751	27.7083
2761	27.7986
2771	27.9044
2781	27.9694
2791	28.0303
2801	28.0996
2811	28.1486
2821	28.1949
2831	28.2355
2841	28.2707
2851	28.2966
2861	28.3325
2871	28.3651
2881	28.4047
2891	28.4431
2901	28.4842
2911	28.5373
2921	28.6022
2931	28.6853
2941	28.7736
2951	28.8544
2961	28.9155
2971	28.977
2981	29.0499
2991	29.0949
3001	29.1323
3011	29.1807
3021	29.1937
3031	29.2106
3041	29.228
3051	29.2525
3061	29.2786
3071	29.2966
3081	29.3107
3091	29.3353
3101	29.3738
3111	29.4052
3121	29.4546
3131	29.5036
3141	29.5712
3151	29.6456
3161	29.698
3171	29.7465
3181	29.8191
3191	29.8713
3201	29.9206
3211	29.9646
3221	29.9939
3231	30.0162
3241	30.0389
3251	30.0654
3261	30.0847
3271	30.1333
3281	30.1764
3291	30.2186
3301	30.2398
3311	30.2875
3321	30.3673
3331	30.4218
3341	30.469
3351	30.5004
3361	30.521
3371	30.5326
3381	30.5493
3391	30.5852
3401	30.6331
3411	30.6815
3421	30.7218
3431	30.7704
3441	30.8161
3451	30.8669
3461	30.9106
3471	30.9414
3481	30.9766
3491	31.0103
3501	31.0609
3511	31.1048
3521	31.1388
3531	31.178
3541	31.2043
3551	31.2322
3561	31.2649
3571	31.2791
3581	31.2945
3591	31.323
3601	31.3509
3611	31.3778
3621	31.3974
3631	31.4435
3641	31.4718
3651	31.4918
3661	31.5062
3671	31.5133
3681	31.5169
3691	31.5209
3701	31.5337
3711	31.5453
3721	31.5503
3731	31.5535
3741	31.5834
3751	31.5998
3761	31.6108
3771	31.6266
3781	31.6481
3791	31.6653
3801	31.6906
3811	31.7083
3821	31.7241
3831	31.7355
3841	31.7412
3851	31.7474
3861	31.7524
3871	31.7569
3881	31.7602
3891	31.7656
3901	31.7755
3911	31.7891
3921	31.8074
3931	31.8149
3941	31.8192
3951	31.8225
3961	31.8253
3971	31.8287
3981	31.8357
3991	31.8477
4001	31.868
4011	31.8897
4021	31.9141
4031	31.9253
4041	31.9395
4051	31.9498
4061	31.9546
4071	31.9588
4081	31.9608
4091	31.9625
4101	31.9641
4111	31.9644
4121	31.9648
4131	31.9651
4141	31.9652
4151	31.9656
4161	31.9656
4171	31.9657
4181	31.9657
4191	31.966
4201	31.966
4211	31.966
4221	31.9661
4231	31.9661
4241	31.9661
4251	31.9661
4261	31.9661
4271	31.9661
4281	31.9661
4291	31.9661
4301	31.9661
4311	31.9661
4321	31.9662
4331	31.9782
4341	31.988
4351	31.9941
4361	31.9952
4371	31.997
4381	31.9977
4391	31.9982
4401	31.9984
4411	31.9989
4421	31.999
4431	31.9991
4441	31.9996
4451	31.9997
4461	31.9997
4471	31.9997
4481	31.9997
4491	31.9997
4501	31.9997
4511	31.9997
4521	31.9997
4531	31.9997
4541	31.9998
4551	31.9998
4561	31.9998
4571	31.9998
4581	31.9998
4591	31.9999
4601	31.9999
4611	31.9999
4621	31.9999
4631	31.9999
4641	31.9999
4651	31.9999
4661	31.9999
4671	31.9999
4681	31.9999
4691	31.9999
4701	31.9999
4711	31.9999
4721	31.9999
4731	31.9999
4741	31.9999
4751	31.9999
4761	31.9999
4771	31.9999
4781	31.9999
4791	31.9999
4801	31.9999
4811	32
4821	32
4831	32
4841	32
4851	32
4861	32
4871	32
4881	32
4891	32
4901	32
4911	32
4921	32
4931	32
4941	32
4951	32
